-0.355166733 0.709648907
-0.355980426 0.709710836
-0.35798499 0.705306292
-0.354210407 0.708723843
-0.357727766 0.711061656
-0.342111528 0.69286716
-0.353990346 0.711639881
-0.328051329 0.682727814
-0.337683409 0.684277058
-0.338477165 0.684820414
-0.356296748 0.709886253
-0.359483719 0.711790919
-0.335943937 0.685902297
-0.339982301 0.687572479
-0.332751393 0.682247639
-0.356422991 0.712139845
-0.345487654 0.688553214
-0.327722967 0.679975271
-0.347314954 0.698106885
-0.339793891 0.697714269
-0.361012787 0.711489797
-0.33598721 0.681954086
-0.340517431 0.680132151
-0.349695534 0.695294023
-0.337336123 0.686049163
-0.335754007 0.686548769
-0.355416954 0.712496102
-0.328028113 0.679153085
-0.331406415 0.67652154
-0.350081056 0.712638259
-0.351410359 0.709294736
-0.333279699 0.682242274
-0.346873999 0.691704273
-0.333730817 0.677888095
-0.335690349 0.682726681
-0.329354107 0.688443422
-0.340038717 0.684874356
-0.336753964 0.693403602
-0.335268617 0.696663976
-0.341640592 0.688440681
-0.333380491 0.684598863
-0.338232696 0.695101976
-0.328526855 0.688519716
-0.349693924 0.690638363
-0.364311308 0.706660032
-0.329823643 0.686577022
-0.345634967 0.700473368
-0.351113349 0.705801129
-0.331245273 0.688853979
-0.350241095 0.711974084
-0.347328752 0.707273185
-0.362341911 0.711595774
-0.330468118 0.673486292
-0.325013369 0.686255813
-0.336878687 0.690746129
-0.328980714 0.67466712
-0.331179678 0.683738828
-0.351348102 0.703023612
-0.360188216 0.71482873
-0.334301978 0.692589641
-0.353826672 0.701887906
-0.326646 0.679573238
-0.362457931 0.702771306
-0.334764719 0.676649213
-0.355789959 0.715801775
-0.347877771 0.69911164
-0.345765859 0.7010113
-0.329373419 0.689262152
-0.346662462 0.713090777
-0.330111444 0.674557567
-0.340596408 0.702039182
-0.350569904 0.697390139
-0.361525387 0.714985311
-0.354589701 0.699681699
-0.349249214 0.701759696
-0.35148406 0.696530461
-0.350020915 0.698134422
-0.331427664 0.692890704
-0.366419464 0.707587957
-0.331941575 0.691212416
-0.357259601 0.71736604
-0.331631184 0.672192276
-0.331381321 0.671985745
-0.346046299 0.704274654
-0.343438804 0.703766525
-0.365738004 0.705534637
-0.347357631 0.704081774
-0.350187629 0.689302385
-0.343733817 0.705774724
-0.344596624 0.70450443
-0.355392873 0.719473362
-0.344760448 0.682003617
-0.323081851 0.678039789
-0.348300338 0.683678448
-0.346340388 0.713431776
-0.361596674 0.69906497
-0.337740421 0.673573494
-0.362594068 0.701913536
-0.342668265 0.704647899
-0.354282081 0.699094474
-0.353687286 0.699226856
-0.349299997 0.718622267
-0.327403247 0.674534082
-0.322768778 0.684118927
-0.321044266 0.679674864
-0.3232719 0.680382729
-0.347288251 0.682678282
-0.342394948 0.705810249
-0.345604658 0.708402157
-0.333032191 0.67190659
-0.324504852 0.689721763
-0.342920512 0.678248942
-0.328877211 0.670796275
-0.353663355 0.690032423
-0.331096679 0.697098672
-0.339344084 0.702811241
-0.369913071 0.713574111
-0.326215565 0.669619679
-0.367532313 0.705197692
-0.320891351 0.68368125
-0.360827357 0.719015598
-0.355938196 0.698157787
-0.347726107 0.682238758
-0.367182553 0.720949471
-0.365172863 0.699910104
-0.347247779 0.717447162
-0.319342256 0.682458699
-0.33958438 0.673853993
-0.368535906 0.707871735
-0.366887271 0.701296389
-0.355899304 0.697342098
-0.366407186 0.709848106
-0.370238066 0.709067464
-0.350790471 0.683774948
-0.327281266 0.669154882
-0.348127425 0.681086838
-0.32036376 0.687693834
-0.373856753 0.716895342
-0.340063244 0.707593441
-0.32274124 0.672636867
-0.340459704 0.704983294
-0.320782036 0.688825727
-0.353783429 0.687117815
-0.368869066 0.711102486
-0.371181995 0.720330119
-0.31917271 0.676202714
-0.353387147 0.686986685
-0.339393437 0.705128253
-0.318433881 0.683196485
-0.343904912 0.711576998
-0.353290051 0.685175359
-0.371455699 0.71327281
-0.316144049 0.684356391
-0.350989193 0.720201612
-0.327384114 0.693167448
-0.321800768 0.671707392
-0.327975035 0.667668283
-0.320314914 0.674677432
-0.35642764 0.721309066
-0.344941467 0.717387021
-0.362381876 0.694619954
-0.328514159 0.699637473
-0.359344333 0.720889807
-0.319787294 0.673109829
-0.361659527 0.725571275
-0.321024328 0.67027247
-0.358361602 0.722946882
-0.345321715 0.676185191
-0.324904501 0.696784675
-0.342591405 0.672685444
-0.349737287 0.679393291
-0.355867058 0.685706258
-0.333568901 0.667808235
-0.371530443 0.722818196
-0.371904373 0.707169592
-0.373454332 0.710793257
-0.344863445 0.718307257
-0.328335464 0.700758934
-0.348914683 0.721440971
-0.315240383 0.668960929
-0.358114243 0.72546643
-0.338706285 0.667038381
-0.314830363 0.683159769
-0.345035374 0.674686491
-0.362477958 0.726743698
-0.374624252 0.707626522
-0.322680354 0.664504886
-0.367918015 0.698070228
-0.376556277 0.720663965
-0.326200902 0.69871515
-0.359235018 0.727698028
-0.338526666 0.711605608
-0.353982031 0.723277211
-0.358298719 0.726485193
-0.373936087 0.724754155
-0.358888596 0.729531586
-0.374996126 0.723285079
-0.33728376 0.666982293
-0.326533586 0.663533032
-0.316360056 0.68967545
-0.357683301 0.726164579
-0.336920202 0.665923595
-0.36064285 0.728510082
-0.372938663 0.725692272
-0.353788227 0.679992318
-0.368004203 0.695827663
-0.371401221 0.699433863
-0.317610085 0.690285206
-0.32422924 0.696097255
-0.363264501 0.692963898
-0.37689507 0.712251663
-0.314898849 0.678155363
-0.375810683 0.725402892
-0.322918117 0.696648121
-0.312907904 0.684944987
-0.32706368 0.665883541
-0.334245294 0.703769326
-0.340468556 0.71407944
-0.316501617 0.666944981
-0.311503947 0.670906305
-0.326212436 0.702159464
-0.378371358 0.717394292
-0.353313088 0.725084782
-0.377022773 0.712338209
-0.355763912 0.725608945
-0.312058777 0.670007706
-0.346166134 0.722109199
-0.329795629 0.705148399
-0.356361896 0.727194369
-0.312436849 0.685068846
-0.327797145 0.662154019
-0.317779124 0.691541612
-0.351670891 0.724269629
-0.376179457 0.71039784
-0.325527877 0.700502336
-0.312390268 0.669219315
-0.357529849 0.683632433
-0.307894528 0.671789527
-0.365918159 0.728315234
-0.36892283 0.694484234
-0.348580956 0.674657106
-0.366711885 0.730044782
-0.380708039 0.726508379
-0.329116285 0.661792994
-0.314719081 0.6645239
-0.377834141 0.710879445
-0.374255925 0.700816512
-0.360015959 0.731383741
-0.371594518 0.728319228
-0.338501483 0.715078175
-0.370257378 0.733305991
-0.327887416 0.65960604
-0.374897122 0.73341608
-0.357472688 0.729909956
-0.370987475 0.730210006
-0.337737024 0.71301049
-0.355445415 0.678349257
-0.352385253 0.727474332
-0.360726684 0.686027169
-0.318381071 0.696257949
-0.383808345 0.727018237
-0.338786542 0.716466665
-0.37429139 0.697103202
-0.382854432 0.712396324
-0.38102439 0.734084785
-0.362658888 0.689286649
-0.334984541 0.66328907
-0.335175782 0.711216092
-0.311762035 0.664461732
-0.311328739 0.688088596
-0.375860989 0.699186742
-0.381621152 0.732614517
-0.346748441 0.66889149
-0.374795228 0.697528183
-0.384057164 0.720522463
-0.316392362 0.662276208
-0.375378907 0.735700488
-0.375223458 0.736664295
-0.377354383 0.734395921
-0.383915782 0.717610121
-0.330518544 0.659040689
-0.377000809 0.705768347
-0.386267155 0.720379949
-0.332902014 0.710040092
-0.354768008 0.676025808
-0.329516321 0.657613099
-0.352296025 0.674238563
-0.374813318 0.696143925
-0.314500004 0.66222477
-0.379543036 0.708265245
-0.307464033 0.685122669
-0.386497676 0.724673152
-0.355894983 0.677012205
-0.386237383 0.726804316
-0.379460126 0.737815619
-0.330763757 0.709330738
-0.370812476 0.740823805
-0.324659467 0.704521835
-0.384821206 0.716492712
-0.308126271 0.687257648
-0.357298911 0.73433125
-0.363303542 0.734865308
-0.370845228 0.738821566
-0.370585471 0.740247309
-0.353219539 0.674550295
-0.305297494 0.673469603
-0.350504339 0.670899749
-0.386203378 0.712791681
-0.305018574 0.678372204
-0.309523255 0.688558578
-0.360378236 0.735941172
-0.374103963 0.692922592
-0.336333483 0.660800457
-0.37115708 0.741588593
-0.384337157 0.738973439
-0.380237043 0.706836998
-0.359409958 0.678446412
-0.319678873 0.660005271
-0.374025553 0.738897502
-0.307465523 0.664822996
-0.366093963 0.688593507
-0.353252679 0.672846019
-0.338259876 0.721132398
-0.351126432 0.669848025
-0.316386282 0.659020424
-0.305135787 0.660174489
-0.311922789 0.658000588
-0.387237936 0.740773737
-0.311199307 0.656412721
-0.334020406 0.660395563
-0.318494976 0.658659399
-0.383188933 0.740008831
-0.305916041 0.682778418
-0.31139046 0.658838093
-0.313273609 0.654419184
-0.313031316 0.69331485
-0.32264784 0.657527983
-0.367559969 0.736000717
-0.318238527 0.658071995
-0.379087299 0.740867853
-0.38651228 0.737237215
-0.371486843 0.691281021
-0.385697186 0.73786974
-0.388427228 0.740482688
-0.382203966 0.737510145
-0.386265159 0.731571019
-0.384618342 0.709405601
-0.377417594 0.740112782
-0.365204155 0.686601281
-0.340801209 0.723999441
-0.388594687 0.740351677
-0.312840134 0.657934546
-0.388934642 0.738554597
-0.31136027 0.692282379
-0.38908267 0.734445214
-0.319409788 0.657217026
-0.388779879 0.723696113
-0.387491345 0.717142642
-0.389085829 0.734483004
-0.307286173 0.663315892
-0.319611192 0.657348514
-0.321849197 0.704247952
-0.345810026 0.664794564
-0.334352523 0.713710427
-0.33319366 0.6580953
-0.37938875 0.741339743
-0.331615895 0.712069511
-0.314307958 0.695201576
-0.373730451 0.692026198
-0.385932922 0.741733968
-0.387759149 0.711142838
-0.318607509 0.655273199
-0.355264604 0.734770179
-0.365463972 0.685007572
-0.335998356 0.718318164
-0.327427328 0.656099737
-0.368353337 0.740672112
-0.391416103 0.739459276
-0.330978006 0.711277127
-0.313255548 0.694194674
-0.388790816 0.733712792
-0.390597045 0.741779268
-0.303609788 0.67340374
-0.382879466 0.742317319
-0.395335943 0.739065588
-0.314047903 0.695951164
-0.340840429 0.724774957
-0.384334743 0.743280292
-0.365405381 0.684881449
-0.394253403 0.73834908
-0.392170191 0.741317511
-0.321358323 0.655401707
-0.368586361 0.687360942
-0.366009831 0.683929861
-0.314855129 0.696773946
-0.344617277 0.66338259
-0.39303571 0.740660846
-0.339606136 0.660744905
-0.305768967 0.68669188
-0.309569001 0.692499757
-0.317230463 0.651169062
-0.310700774 0.65042305
-0.37442559 0.74400866
-0.39868027 0.743793249
-0.389277518 0.744250655
-0.388004422 0.708855093
-0.366598934 0.739550292
-0.395555913 0.737258911
-0.382832974 0.746863484
-0.301353753 0.677642882
-0.391272753 0.718236804
-0.388776064 0.744792819
-0.342558324 0.726101518
-0.32357794 0.654277444
-0.311454147 0.648727775
-0.299040824 0.657775521
-0.370129347 0.743922234
-0.363012254 0.738258898
-0.394444972 0.729750991
-0.382804036 0.747103989
-0.379766643 0.694940031
-0.301950634 0.671840191
-0.316158205 0.647793174
-0.334440917 0.655890942
-0.398295403 0.741524577
-0.303230703 0.681950152
-0.396387279 0.739602506
-0.375346512 0.691105187
-0.298042685 0.662615418
-0.401066512 0.737248182
-0.397458255 0.732919991
-0.328771025 0.714078069
-0.318393767 0.649860084
-0.397254288 0.753100097
-0.398038924 0.738784552
-0.398805439 0.741486013
-0.316690743 0.7036376
-0.309326261 0.649419844
-0.386082411 0.747145295
-0.297773778 0.663493037
-0.3933689 0.724256754
-0.394340485 0.720784724
-0.305258036 0.648629904
-0.402119696 0.751381099
-0.301102847 0.675747633
-0.395642608 0.731882632
-0.347582847 0.663050234
-0.372830629 0.745578825
-0.328644902 0.652883649
-0.39598003 0.751622379
-0.327225178 0.711662591
-0.399872392 0.752767682
-0.398086935 0.730297506
-0.337412447 0.724456728
-0.351551563 0.664693952
-0.327336043 0.712771475
-0.393860012 0.719412386
-0.330417216 0.717021585
-0.323263526 0.650000274
-0.296969175 0.651720524
-0.400867283 0.731745422
-0.326502115 0.653218031
-0.326367527 0.652334332
-0.402788937 0.745932043
-0.402055234 0.733462572
-0.402736753 0.752971411
-0.40157035 0.739846051
-0.393732905 0.753328145
-0.327337116 0.652263761
-0.400408208 0.747720718
-0.395721138 0.755569935
-0.36129877 0.739481688
-0.322497964 0.70878315
-0.308036208 0.694410324
-0.393573552 0.715838432
-0.325018942 0.710130811
-0.402456075 0.755164862
-0.391596526 0.7539078
-0.370401114 0.746744215
-0.300740868 0.679750323
-0.299512327 0.675029039
-0.300830156 0.681448936
-0.308817595 0.646416843
-0.305446178 0.64572686
-0.29534024 0.650155842
-0.400833368 0.754889488
-0.399064064 0.755997777
-0.31191358 0.644780397
-0.400889933 0.755344391
-0.399949729 0.756264687
-0.354750037 0.740638018
-0.292720526 0.654747725
-0.378698409 0.749529719
-0.294505715 0.660710335
-0.382551312 0.750375509
-0.32857579 0.649855018
-0.300818294 0.645617068
-0.341920614 0.730083585
-0.305973947 0.693032324
-0.393965304 0.71230185
-0.403840601 0.755785525
-0.297872931 0.676084459
-0.375895828 0.688788533
-0.37179774 0.748153865
-0.400138438 0.727732301
-0.388918787 0.753102303
-0.398172796 0.757650375
-0.397349417 0.757595241
-0.313043177 0.644288421
-0.29745537 0.675671101
-0.305142909 0.643966377
-0.373408049 0.749097228
-0.382001758 0.751363218
-0.297444612 0.646922112
-0.393752486 0.757271111
-0.40036577 0.725916922
-0.398134112 0.723167539
-0.403535187 0.731182814
-0.389625072 0.704679191
-0.293914139 0.649445891
-0.34830609 0.661639273
-0.313434422 0.644153953
-0.356286287 0.666661859
-0.404860049 0.73757112
-0.401237011 0.757824957
-0.295440137 0.646065474
-0.402587563 0.728952169
-0.306718856 0.643996418
-0.383385837 0.753236473
-0.40119952 0.724736571
-0.40761891 0.756066322
-0.359885395 0.670214474
-0.299236238 0.644737601
-0.296165347 0.67430526
-0.296090364 0.646731377
-0.394029677 0.759071589
-0.327930391 0.717514336
-0.290683031 0.654386401
-0.39338547 0.706821561
-0.299497396 0.643064082
-0.295316845 0.678059518
-0.304440081 0.691599071
-0.297989964 0.640169442
-0.290135801 0.657102942
-0.401248723 0.759812474
-0.396479607 0.715200186
-0.400202602 0.720467567
-0.289963931 0.65074867
-0.37569055 0.751428425
-0.300557733 0.686017275
-0.307465822 0.697915673
-0.360966951 0.670622885
-0.331470013 0.648897886
-0.398067087 0.761768758
-0.319115341 0.643031299
-0.315448463 0.641832113
-0.372990936 0.683958232
-0.406160384 0.7401281
-0.388237834 0.697855651
-0.300851464 0.641464531
-0.41114223 0.761535048
-0.404688478 0.726237476
-0.411799997 0.760422647
-0.289878696 0.648189485
-0.351328552 0.661691487
-0.387635976 0.754973412
-0.313868701 0.641356766
-0.314670175 0.641221344
-0.368293554 0.676767349
-0.414476067 0.759687543
-0.303816199 0.63895005
-0.391489565 0.75916028
-0.394649059 0.760996342
-0.410104662 0.763996124
-0.293738455 0.672403693
-0.348904312 0.659282327
-0.295406222 0.673757732
-0.321199536 0.71180743
-0.410876185 0.766169071
-0.40901798 0.764324248
-0.309737414 0.702004194
-0.397425175 0.713143408
-0.313794583 0.640927553
-0.385429591 0.755463004
-0.414102316 0.748088896
-0.290040076 0.665972888
-0.298591167 0.637916863
-0.333859175 0.726623535
-0.383213907 0.691885829
-0.292853206 0.672061682
-0.307774246 0.699540496
-0.371965736 0.680549622
-0.291484058 0.643500507
-0.410508662 0.767341673
-0.300397843 0.637204885
-0.383954942 0.691856563
-0.412298799 0.745383084
-0.415820241 0.758470476
-0.29338184 0.640287817
-0.358661354 0.667180061
-0.293016821 0.673937023
-0.289562315 0.666193247
-0.407033235 0.738127828
-0.334814072 0.648677886
-0.376762986 0.755461395
-0.407281816 0.738415003
-0.336142033 0.729095817
-0.389141381 0.696456254
-0.414826095 0.763024807
-0.351056278 0.740895152
-0.292249978 0.671535492
-0.316484094 0.63973695
-0.379791498 0.688195646
-0.366328239 0.749941528
-0.383554816 0.691240728
-0.292519003 0.674811184
-0.396933824 0.766293645
-0.391096771 0.698921502
-0.292595625 0.675499797
-0.326678097 0.718721449
-0.376904875 0.68447113
-0.291598082 0.671278358
-0.289422035 0.641166329
-0.372648597 0.755685568
-0.347942948 0.657737434
-0.403069377 0.72034502
-0.370301008 0.752273917
-0.330745906 0.724792957
-0.289478004 0.641099095
-0.309631139 0.639305174
-0.293651044 0.638919592
-0.413666934 0.743873954
-0.287003011 0.662903547
-0.32376039 0.640761435
-0.288651824 0.67044127
-0.324314088 0.641690075
-0.288279265 0.666572034
-0.308502346 0.638528943
-0.314122379 0.638040066
-0.287548125 0.642806709
-0.339857399 0.733267069
-0.288534582 0.640124559
-0.328267932 0.644794524
-0.325547755 0.641368926
-0.413162023 0.739852011
-0.285437047 0.645584404
-0.415504992 0.7454319
-0.296911955 0.685731828
-0.290024102 0.63595283
-0.300668448 0.635016322
-0.403886944 0.7190575
-0.283953309 0.653359652
-0.388010412 0.763764322
-0.291789293 0.637869835
-0.393014431 0.766326308
-0.366422653 0.752674043
-0.402682573 0.769764423
-0.314412117 0.710315228
-0.337572366 0.648699164
-0.332235336 0.644831359
-0.379292488 0.761113942
-0.303458661 0.697991073
-0.391688943 0.696643293
-0.289994389 0.677796543
-0.284683853 0.660980821
-0.417191923 0.745486975
-0.386354297 0.762575209
-0.309726 0.636300504
-0.405877471 0.721246958
-0.396447241 0.704983294
-0.286600232 0.637736499
-0.386139512 0.763055146
-0.406146735 0.720498025
-0.416233718 0.739276528
-0.345460773 0.653933406
-0.292008609 0.632964492
-0.281963468 0.660609961
-0.418814152 0.766003788
-0.312753797 0.636794984
-0.40702799 0.720672369
-0.29677403 0.631222963
-0.417795092 0.743723452
-0.287321329 0.67207247
-0.409291089 0.77272135
-0.314578265 0.636328578
-0.304516643 0.634584069
-0.420167863 0.747933209
-0.395540476 0.701852739
-0.37165302 0.677010238
-0.280769885 0.654018521
-0.28254813 0.6446082
-0.415699124 0.770891011
-0.328211159 0.726352155
-0.409514427 0.721938372
-0.409849763 0.773117661
-0.284118652 0.666189194
-0.288677573 0.631648898
-0.30437839 0.701683044
-0.341156662 0.650902748
-0.290252715 0.630215526
-0.419962972 0.745081186
-0.364330113 0.754042029
-0.301006675 0.69690001
-0.42429781 0.766410112
-0.30074808 0.631446838
-0.281594723 0.664029837
-0.304686695 0.632523656
-0.28896451 0.630607784
-0.425709873 0.762879789
-0.412174702 0.772607386
-0.42412734 0.754803061
-0.401743412 0.772584021
-0.292057216 0.628843546
-0.425460011 0.766018033
-0.404902607 0.712210536
-0.305020481 0.632175446
-0.298646778 0.628784716
-0.314548045 0.634857655
-0.291886181 0.629596472
-0.372647613 0.676806033
-0.292324275 0.629086614
-0.419655293 0.741813183
-0.309203923 0.63364327
-0.419640243 0.742232084
-0.291113675 0.630181909
-0.345537096 0.739798486
-0.42566371 0.76045841
-0.393091977 0.771078289
-0.321327865 0.718876421
-0.425599873 0.764281929
-0.389901221 0.769084513
-0.426545501 0.764370501
-0.296598524 0.690357864
-0.368466914 0.757099092
-0.425786763 0.764942944
-0.285888553 0.630292773
-0.281826437 0.639037848
-0.282522291 0.635864794
-0.396633506 0.773184001
-0.418479055 0.73624742
-0.36507839 0.756253481
-0.27961576 0.641135454
-0.384619206 0.76683414
-0.414117306 0.728137136
-0.421038657 0.74351263
-0.419519424 0.771872997
-0.402919829 0.775446355
-0.420183867 0.773021817
-0.385789514 0.687778711
-0.283060074 0.669788957
-0.327124298 0.728277087
-0.4267537 0.754246533
-0.427487046 0.751654029
-0.302968472 0.62874788
-0.278027117 0.636780739
-0.387440681 0.769927621
-0.428449869 0.759018779
-0.357089639 0.752231956
-0.424909323 0.770195842
-0.396528959 0.775004387
-0.428644329 0.758306801
-0.282182813 0.668864012
-0.333131045 0.642231286
-0.428983986 0.765292525
-0.38816604 0.689661086
-0.368501753 0.758612752
-0.316299558 0.633055985
-0.426900059 0.748624861
-0.277583241 0.632282615
-0.362394631 0.755506575
-0.282556593 0.672116756
-0.427107692 0.748374879
-0.420360833 0.739189148
-0.337844044 0.644267797
-0.411692917 0.719102979
-0.410266966 0.77669996
-0.328694731 0.730271876
-0.413208961 0.777384281
-0.277244747 0.649534762
-0.316999882 0.718476355
-0.356372327 0.752898753
-0.424233973 0.77344054
-0.275662243 0.642810822
-0.335025966 0.642940283
-0.275779128 0.645401597
-0.295526743 0.624463975
-0.276073456 0.641751528
-0.296855539 0.693599224
-0.415474206 0.726814389
-0.284423769 0.677249551
-0.423832834 0.744160593
-0.396867216 0.78020072
-0.285695374 0.626324892
-0.275138974 0.647430837
-0.297040612 0.694986701
-0.412806034 0.718480468
-0.273647785 0.641771257
-0.402660877 0.705667317
-0.426845402 0.772954881
-0.306549728 0.710794747
-0.419590533 0.777556539
-0.274072111 0.636517644
-0.27644977 0.658028841
-0.318850398 0.719929397
-0.384739101 0.772258043
-0.343311608 0.648039758
-0.328553557 0.732102931
-0.430900246 0.765223742
-0.372366816 0.670574665
-0.384435028 0.684255838
-0.415763348 0.779233992
-0.340277016 0.64494282
-0.296534479 0.623192906
-0.423548162 0.777831733
-0.418454915 0.728417516
-0.274961025 0.633118808
-0.405507147 0.781655312
-0.377269685 0.675907731
-0.281606615 0.672774017
-0.357489556 0.754531384
-0.299201608 0.62321353
-0.314617842 0.629605055
-0.400456548 0.781952918
-0.276221216 0.661988437
-0.414201558 0.779644966
-0.275677115 0.661834955
-0.282620013 0.625083029
-0.331423283 0.733971
-0.271747142 0.636662006
-0.410128951 0.781622231
-0.353545129 0.65140456
-0.432216495 0.751634777
-0.325123787 0.730657458
-0.313614875 0.719329119
-0.295402467 0.622252405
-0.432456762 0.764373362
-0.414457917 0.781656265
-0.393219382 0.781718373
-0.270896494 0.631327569
-0.278985649 0.625879765
-0.404931873 0.783372045
-0.410474688 0.783272147
-0.385361344 0.774889708
-0.40898928 0.783477426
-0.383248806 0.774115562
-0.274034768 0.630040944
-0.38768664 0.777080715
-0.41938287 0.781330645
-0.284694195 0.681469202
-0.355723232 0.755757093
-0.29679808 0.698329091
-0.338286489 0.640066147
-0.425875396 0.784789145
-0.312265694 0.719260156
-0.401256591 0.784823954
-0.420354545 0.78330785
-0.268920183 0.628211856
-0.304290146 0.62243247
-0.405819774 0.786679447
-0.429058969 0.783698916
-0.424897492 0.782378554
-0.270470142 0.624238908
-0.398951232 0.783816636
-0.373688132 0.76814276
-0.277270883 0.671042025
-0.297446787 0.621110678
-0.400214672 0.78560555
-0.276879102 0.62299037
-0.408932179 0.708896816
-0.38287878 0.775449991
-0.386704385 0.778173506
-0.335706413 0.738923788
-0.267867595 0.64591521
-0.28015992 0.622328937
-0.26706776 0.642083108
-0.409521729 0.786284447
-0.367469341 0.661681831
-0.272034615 0.625125349
-0.436008424 0.76188159
-0.430327713 0.787280917
-0.406352103 0.707476556
-0.43395257 0.776017189
-0.364280522 0.659335971
-0.326501876 0.633130252
-0.382589072 0.776046813
-0.27663964 0.621993363
-0.428439438 0.738844872
-0.275163203 0.62410742
-0.275860697 0.621558249
-0.374313772 0.667072117
-0.291287035 0.616716206
-0.435556054 0.753986418
-0.434319675 0.779063642
-0.283069044 0.619786918
-0.284622312 0.61694181
-0.266935408 0.654145837
-0.379530787 0.774947703
-0.266213298 0.648474395
-0.429493308 0.788902044
-0.32488355 0.630447805
-0.418901563 0.786764026
-0.294578522 0.699210823
-0.436647296 0.77217257
-0.437186182 0.772075355
-0.362952024 0.762287199
-0.421406895 0.788185835
-0.276473224 0.617952943
-0.432730883 0.787496388
-0.42893365 0.792069614
-0.365092278 0.657639503
-0.437690973 0.765374601
-0.309398651 0.622978449
-0.308144599 0.622290432
-0.375084907 0.772659421
-0.305016637 0.714085162
-0.285642326 0.615594983
-0.287252069 0.615388811
-0.263219327 0.625292778
-0.438057244 0.770610511
-0.438323587 0.780888736
-0.436908782 0.750005186
-0.287005931 0.615174055
-0.331794888 0.633020282
-0.261838734 0.624465644
-0.438340694 0.773206413
-0.331086725 0.632498026
-0.439784408 0.765176654
-0.261577368 0.628345191
-0.425509244 0.730012536
-0.31646952 0.624022901
-0.348679453 0.754421294
-0.439905971 0.779139161
-0.279629886 0.612811148
-0.39950183 0.788228869
-0.422014773 0.723174572
-0.417860568 0.790469944
-0.4161838 0.789295256
-0.44141224 0.765246987
-0.434301913 0.789592683
-0.383365154 0.675814569
-0.407376081 0.704713464
-0.273088366 0.671299756
-0.438330382 0.750376463
-0.287882507 0.613963008
-0.397023052 0.788190544
-0.415272892 0.790809214
-0.312176943 0.723447978
-0.263161361 0.650164485
-0.264912546 0.617169142
-0.279878616 0.611173153
-0.352483094 0.75864619
-0.428114504 0.795400441
-0.283390045 0.611154616
-0.313198954 0.724348187
-0.262326807 0.649419904
-0.262471706 0.618089437
-0.419205159 0.714373887
-0.412429839 0.791094363
-0.421468437 0.718448043
-0.309579492 0.721895874
-0.44094947 0.758651078
-0.313899845 0.725431681
-0.337427944 0.745973468
-0.260347873 0.622244477
-0.269818783 0.664971054
-0.260546207 0.640627205
-0.387817055 0.784862399
-0.33771041 0.63371551
-0.27177304 0.611879408
-0.358264327 0.648176491
-0.442472517 0.763136804
-0.275043488 0.61174643
-0.429151416 0.730877519
-0.258427948 0.630676448
-0.410686105 0.792182446
-0.324966252 0.62694782
-0.354473948 0.760483265
-0.277489662 0.60988754
-0.4434928 0.778667927
-0.255947113 0.626565397
-0.259489924 0.637442172
-0.257674426 0.633240581
-0.420126408 0.714475453
-0.334613144 0.632173121
-0.435846865 0.790744781
-0.259077668 0.641943395
-0.420141667 0.7955001
-0.394207656 0.686092973
-0.314315081 0.72805196
-0.407268137 0.699928939
-0.388180882 0.678939223
-0.280661106 0.607672155
-0.254948348 0.628938138
-0.443466753 0.781637728
-0.32542032 0.625482082
-0.257045865 0.618392766
-0.262394756 0.613084912
-0.418896586 0.797252715
-0.26120016 0.652076662
-0.429887593 0.728700519
-0.263782829 0.611923635
-0.329465985 0.62732029
-0.277861267 0.679439604
-0.371790886 0.660587788
-0.281515777 0.606940866
-0.442569345 0.754372597
-0.436019808 0.792014956
-0.433020651 0.794746101
-0.366876841 0.771998048
-0.25472343 0.628373444
-0.28077051 0.686380267
-0.295242071 0.708360076
-0.441543877 0.788161457
-0.402256638 0.792445779
-0.443836182 0.757141232
-0.282205075 0.606068909
-0.26526764 0.607319772
-0.419236749 0.79804647
-0.273240507 0.605626941
-0.404388547 0.695897222
-0.254191101 0.622175634
-0.256223291 0.615494251
-0.424964398 0.720847905
-0.434871256 0.794703603
-0.415962458 0.796579659
-0.254282475 0.636636615
-0.446849704 0.769000173
-0.445901662 0.778026104
-0.416319996 0.797075331
-0.27079013 0.672060609
-0.2620112 0.608376801
-0.325181186 0.622389615
-0.428010404 0.799140692
-0.430396557 0.726655006
-0.415750623 0.796912372
-0.439126343 0.74351877
-0.267611176 0.60464251
-0.383477986 0.784480274
-0.259152412 0.611340761
-0.43577987 0.797130525
-0.259801805 0.610448539
-0.298333138 0.608781159
-0.276979893 0.605144203
-0.374714822 0.77956301
-0.360887349 0.768983901
-0.444514006 0.794986248
-0.252866596 0.632214069
-0.330289245 0.625092626
-0.33039543 0.743344009
-0.442590058 0.792686641
-0.293970764 0.607000589
-0.444357127 0.792153835
-0.257722169 0.60551846
-0.446337998 0.795472085
-0.437343538 0.796811402
-0.393814206 0.681053519
-0.253591716 0.638623476
-0.446813405 0.797249556
-0.447605073 0.789467812
-0.256337404 0.605559111
-0.33989507 0.753541529
-0.286982298 0.602372825
-0.439825296 0.741454184
-0.253487378 0.611211658
-0.40741083 0.798801422
-0.354602039 0.766349971
-0.252897352 0.613183141
-0.272912025 0.676782787
-0.251961529 0.621534705
-0.341258824 0.632068872
-0.445267677 0.755460382
-0.350838363 0.761782944
-0.437313288 0.801770508
-0.266354203 0.600312233
-0.252866268 0.644502521
-0.428436786 0.722107649
-0.43070662 0.802347779
-0.415384233 0.799831152
-0.436310053 0.735780716
-0.44850105 0.783809245
-0.431767851 0.802069485
-0.307115227 0.723579586
-0.389360249 0.675582647
-0.448552012 0.768343568
-0.407015234 0.80063647
-0.449946731 0.776068389
-0.410153002 0.80135417
-0.270838141 0.601493061
-0.269605309 0.600475788
-0.384507358 0.788135052
-0.385777652 0.672050834
-0.449357599 0.788713038
-0.428414345 0.803657413
-0.257300138 0.654204011
-0.249722987 0.615390837
-0.249606937 0.616021574
-0.331110477 0.745759368
-0.450319111 0.786404014
-0.305288166 0.607554078
-0.327572316 0.621552825
-0.297059447 0.604788184
-0.391834021 0.791781902
-0.434910327 0.804803252
-0.446625799 0.804072499
-0.326891124 0.743229985
-0.447049618 0.754400373
-0.422214627 0.711227298
-0.311422616 0.729232728
-0.252578467 0.606753469
-0.195944399 0.898955762
-0.32236892 0.74077636
-0.36955303 0.652148604
-0.334583908 0.624293566
-0.454332054 0.788573146
-0.192732245 0.897576094
-0.450181842 0.798588097
-0.254285872 0.651802957
-0.192103371 0.896054149
-0.375041842 0.657874048
-0.454863191 0.787909985
-0.247221962 0.625635147
-0.201137245 0.901095331
-0.258593857 0.597122669
-0.189963728 0.909104228
-0.198996589 0.890338242
-0.401658505 0.800373673
-0.445993036 0.748219013
-0.196273848 0.901563585
-0.434414029 0.728060365
-0.198940814 0.896182299
-0.192211688 0.892472029
-0.441376507 0.807387948
-0.37910974 0.786958575
-0.282289118 0.597932816
-0.189042956 0.891213238
-0.193706453 0.91910851
-0.290798843 0.598267674
-0.203567445 0.911213219
-0.316099942 0.735206544
-0.368249863 0.779372036
-0.205047548 0.91059953
-0.195779011 0.911194146
-0.203562051 0.896462977
-0.188738391 0.912700295
-0.188935503 0.891682506
-0.20446232 0.91203022
-0.19702296 0.893238902
-0.198575675 0.888967454
-0.18584621 0.897357523
-0.193403259 0.890435517
-0.286302149 0.70049727
-0.192036152 0.917775571
-0.18846482 0.892054677
-0.454507202 0.784696519
-0.398003697 0.798598826
-0.203509748 0.894423723
-0.188200593 0.889992237
-0.188561216 0.89666754
-0.440441787 0.810407758
-0.196085811 0.913948059
-0.203836426 0.907041311
-0.265314728 0.595140934
-0.193854675 0.919605672
-0.384208053 0.790525496
-0.206253663 0.901944518
-0.208185688 0.897716761
-0.360943019 0.642063498
-0.20299004 0.908976912
-0.18498686 0.905806661
-0.206380099 0.903995097
-0.189846426 0.904615581
-0.184855163 0.901451588
-0.271358848 0.680003107
-0.245498255 0.618069351
-0.20118627 0.920119166
-0.36933732 0.650740445
-0.209397614 0.894738793
-0.431983799 0.80901742
-0.45522052 0.800691724
-0.206447557 0.907594442
-0.330588073 0.620006323
-0.455672801 0.765749753
-0.31268099 0.605682552
-0.454969466 0.801056445
-0.454042196 0.764037609
-0.196240351 0.885620356
-0.209181264 0.917969823
-0.203504488 0.88549763
-0.210405931 0.898767769
-0.379540473 0.660938084
-0.186121732 0.88924551
-0.192516267 0.8863343
-0.257027566 0.659469724
-0.191751033 0.881665111
-0.244514555 0.616747618
-0.21064961 0.903504372
-0.245378107 0.609416187
-0.401510596 0.683600187
-0.213634104 0.917467296
-0.275369793 0.596123695
-0.264340878 0.672057033
-0.297774136 0.600116849
-0.242317677 0.626129746
-0.202176914 0.921611667
-0.180074215 0.888208449
-0.21035482 0.904461443
-0.182270378 0.902994394
-0.185328424 0.913144886
-0.452649772 0.761845827
-0.181659982 0.90540415
-0.211910293 0.901818454
-0.378392428 0.788608193
-0.29388988 0.59768033
-0.434357882 0.812693834
-0.417599946 0.808473766
-0.418061227 0.701430082
-0.400648475 0.803741693
-0.396186024 0.67787981
-0.429223776 0.811270177
-0.193943709 0.922701955
-0.202072054 0.921871781
-0.212649405 0.903881252
-0.184377596 0.916199565
-0.345119417 0.629511774
-0.181806713 0.908465326
-0.35107094 0.767207325
-0.215924636 0.917108417
-0.44543004 0.740231335
-0.422110409 0.705573916
-0.210022032 0.888603508
-0.243373886 0.6282897
-0.28051284 0.595273137
-0.18013452 0.896339297
-0.18792358 0.882058144
-0.452606738 0.807556629
-0.441482902 0.733794153
-0.329560012 0.617262959
-0.400334001 0.803803384
-0.19314158 0.878451884
-0.356704772 0.636685252
-0.44039464 0.731742799
-0.186279982 0.883388698
-0.39464274 0.800378621
-0.206083193 0.881401837
-0.215298191 0.90293169
-0.396377981 0.676068842
-0.187979251 0.921775997
-0.189215183 0.924432278
-0.447761416 0.812032402
-0.241937265 0.613617897
-0.240739584 0.624771535
-0.210457698 0.925055981
-0.185845122 0.92134434
-0.245650798 0.645437241
-0.173991382 0.891003668
-0.254198849 0.590833902
-0.248719811 0.652277112
-0.218013808 0.906888068
-0.44647032 0.81254673
-0.183778584 0.881487906
-0.406105667 0.687734663
-0.383995056 0.796001196
-0.445392132 0.813836038
-0.211382806 0.926023841
-0.213504612 0.884828985
-0.350500435 0.768669367
-0.205328688 0.926941216
-0.458073258 0.762642682
-0.174011201 0.887981296
-0.177103996 0.909549177
-0.244441628 0.598799407
-0.215344965 0.890568376
-0.193843931 0.928511202
-0.239907846 0.615858078
-0.450783402 0.750845194
-0.22154817 0.920897365
-0.251861364 0.659304142
-0.450348526 0.811928332
-0.267453909 0.680302918
-0.446074724 0.814813495
-0.178575337 0.919539988
-0.184440479 0.877023637
-0.174129978 0.895883381
-0.333898336 0.756011546
-0.298675478 0.723760605
-0.201825812 0.930115879
-0.449973166 0.745328248
-0.274960995 0.591934919
-0.210967511 0.927221358
-0.175494671 0.884581685
-0.207378775 0.92757529
-0.198180482 0.873746812
-0.222190022 0.894759715
-0.176568463 0.881236732
-0.452819854 0.812207937
-0.179102868 0.878838956
-0.222391829 0.889559686
-0.462691367 0.773617506
-0.307366371 0.731933057
-0.315019995 0.740309596
-0.450463623 0.744875193
-0.301593781 0.596234679
-0.259083599 0.588056386
-0.216406807 0.927432954
-0.246859297 0.589073658
-0.294285536 0.594904721
-0.414071381 0.691188514
-0.464802325 0.789281666
-0.171279058 0.904874146
-0.242034152 0.601423264
-0.46414268 0.776797593
-0.181373924 0.876268685
-0.452270687 0.749061346
-0.174299732 0.91314739
-0.222304046 0.924175024
-0.182989448 0.930662751
-0.17343387 0.906515658
-0.173119307 0.911298573
-0.273606539 0.588340819
-0.240883216 0.637324035
-0.173670113 0.910251975
-0.198683992 0.933050752
-0.243448377 0.593065321
-0.282785237 0.705501556
-0.167721689 0.899920762
-0.221816257 0.886169732
-0.272948325 0.587385654
-0.225026786 0.906370044
-0.22422722 0.923073113
-0.217538759 0.881374896
-0.224396124 0.899988651
-0.201947555 0.871178746
-0.176893726 0.921644032
-0.260558009 0.584872782
-0.236981392 0.607388616
-0.178971455 0.926159739
-0.238889933 0.597296894
-0.204950705 0.871250033
-0.303410709 0.730018616
-0.428434879 0.816185594
-0.297049284 0.59476757
-0.40759784 0.811717808
-0.168794096 0.913090289
-0.174221188 0.919543445
-0.227183938 0.892513037
-0.172941267 0.917818487
-0.170986459 0.91664809
-0.222053528 0.880131304
-0.211595401 0.877203584
-0.217592075 0.878850639
-0.224654675 0.900176644
-0.220873863 0.882513881
-0.362070441 0.636224747
-0.187574878 0.871464372
-0.224615782 0.925098598
-0.189459875 0.935697138
-0.188089401 0.935315549
-0.2402156 0.638023198
-0.464774698 0.774868846
-0.227649927 0.903531849
-0.325554788 0.608165503
-0.225406915 0.924994767
-0.1653018 0.89217639
-0.209438533 0.935030341
-0.272018254 0.586275995
-0.239685774 0.635463953
-0.180330053 0.873300016
-0.227591708 0.887360871
-0.226062104 0.884029746
-0.280112714 0.588210464
-0.274272025 0.693758249
-0.176435128 0.874984026
-0.403976768 0.81070143
-0.232019201 0.909751534
-0.236025035 0.628114581
-0.221281022 0.878911078
-0.1655453 0.911658704
-0.208595246 0.871742904
-0.178711668 0.932847202
-0.359092832 0.779955804
-0.161798805 0.903442144
-0.236114353 0.597082436
-0.236141995 0.604008973
-0.468653649 0.778865457
-0.27017498 0.58447361
-0.459553957 0.812008083
-0.221715242 0.878419936
-0.234316081 0.624747932
-0.259828985 0.580575585
-0.218150303 0.876950502
-0.468562573 0.782459259
-0.442600787 0.726112247
-0.185433805 0.869914293
-0.194176584 0.937251985
-0.23248592 0.615173161
-0.284722239 0.589047134
-0.466807783 0.801608562
-0.468054354 0.79078728
-0.183610365 0.870527565
-0.244648516 0.58521682
-0.453550875 0.818284988
-0.234559 0.906405628
-0.450157166 0.740396857
-0.244288057 0.586497068
-0.244374245 0.585520148
-0.169504076 0.878885925
-0.166944593 0.91879046
-0.238082424 0.636953115
-0.163031802 0.889975488
-0.220863566 0.877357244
-0.403394848 0.812897682
-0.23147434 0.890439987
-0.173699766 0.929638684
-0.467878103 0.801500857
-0.243085027 0.58670485
-0.234472409 0.602519751
-0.234371871 0.904293895
-0.235435158 0.591103196
-0.30147469 0.593246937
-0.265314668 0.580669045
-0.426277697 0.701971173
-0.168617964 0.921759725
-0.227097243 0.926234603
-0.219036102 0.932465911
-0.449284434 0.735575914
-0.180421233 0.871109426
-0.234006047 0.914814234
-0.232573465 0.625629663
-0.42811954 0.703803957
-0.271330893 0.691859126
-0.24376598 0.584956765
-0.234007552 0.895886362
-0.221206561 0.931225538
-0.235119909 0.901090026
-0.161124215 0.912955046
-0.395723104 0.808387697
-0.170871556 0.92815721
-0.293652952 0.590326071
-0.626524568 0.951981604
-0.469129443 0.806217849
-0.164147183 0.918881297
-0.158505142 0.905158639
-0.408481956 0.816967487
-0.470339298 0.806591272
-0.471763074 0.778098702
-0.431390405 0.82423532
-0.187345788 0.86519289
-0.291229814 0.722117245
-0.181496173 0.940057874
-0.247980952 0.58088392
-0.201749384 0.863229811
-0.404136509 0.675261676
-0.628228128 0.951070666
-0.470809639 0.773606896
-0.440588236 0.825083137
-0.472958356 0.776294768
-0.470554322 0.801284432
-0.473341227 0.806075454
-0.625956297 0.949456036
-0.164992094 0.880973101
-0.24762179 0.579854727
-0.471456915 0.786001265
-0.215262741 0.870660126
-0.64276278 0.948118985
-0.429543644 0.825409353
-0.634424031 0.94443047
-0.637913227 0.952232897
-0.620601177 0.952894628
-0.465951264 0.813082337
-0.229426354 0.62773478
-0.235377967 0.923424602
-0.450132906 0.823530436
-0.228680193 0.622189462
-0.230798483 0.880741537
-0.619292498 0.956702471
-0.45447737 0.822905421
-0.471430719 0.771749616
-0.622285128 0.971608043
-0.643092871 0.955502212
-0.641460359 0.943710029
-0.216036037 0.937194705
-0.647438705 0.951758802
-0.617912054 0.959645212
-0.615721941 0.954016924
-0.615256667 0.962805331
-0.622382104 0.972083867
-0.229057685 0.927504838
-0.642561913 0.945130408
-0.37976715 0.651063681
-0.230703443 0.60083586
-0.638963699 0.959351361
-0.464307129 0.817622423
-0.155167758 0.903104484
-0.453721553 0.824428737
-0.621484101 0.944319069
-0.642193913 0.94299984
-0.472620249 0.788776994
-0.620251 0.946245611
-0.645429015 0.957919002
-0.173414752 0.934131265
-0.621642709 0.962137997
-0.641975045 0.955791235
-0.616776228 0.955443501
-0.423651427 0.826138616
-0.230545163 0.589180529
-0.643850386 0.933640301
-0.469042957 0.817099035
-0.158418179 0.917008877
-0.466335773 0.816875815
-0.467910945 0.815653026
-0.236237735 0.642994046
-0.45722568 0.823677719
-0.614343226 0.956584215
-0.477135837 0.796598792
-0.243499205 0.659293652
-0.334111124 0.61014837
-0.634152889 0.963869452
-0.63876617 0.961052835
-0.622170985 0.963512719
-0.635063648 0.941693902
-0.281871915 0.582604945
-0.467990428 0.819662988
-0.238451809 0.581754208
-0.609609187 0.964117467
-0.642205775 0.931728065
-0.618138969 0.972008526
-0.638285697 0.92670989
-0.629506648 0.939086556
-0.628581643 0.972607553
-0.623215675 0.965879381
-0.175831318 0.867780685
-0.469890833 0.767388701
-0.475050867 0.787309468
-0.610987902 0.959448397
-0.230415881 0.928463399
-0.23707515 0.886935532
-0.649423718 0.944087744
-0.169008091 0.870849907
-0.610187054 0.962276816
-0.232579768 0.636894286
-0.235782653 0.925093889
-0.635626793 0.925503671
-0.639054418 0.926017225
-0.651368737 0.940728366
-0.635403633 0.970189095
-0.643242598 0.96100831
-0.232138783 0.877170324
-0.273606837 0.578055441
-0.229951173 0.874755859
-0.651987195 0.941109061
-0.611836731 0.945663452
-0.636115253 0.968228638
-0.202290237 0.947286785
-0.604942918 0.962438941
-0.631442904 0.933276057
-0.608302116 0.968331218
-0.608419418 0.951464295
-0.277747333 0.580062985
-0.248748034 0.575841069
-0.605569065 0.963161886
-0.63757813 0.966460645
-0.195301875 0.858207703
-0.631512403 0.972754002
-0.634192109 0.928729415
-0.620654106 0.936107516
-0.652531803 0.940211058
-0.261915863 0.685140908
-0.172104686 0.937458396
-0.628638744 0.933718622
-0.644033551 0.919502378
-0.632586241 0.923456073
-0.622267902 0.931516886
-0.603262961 0.977501869
-0.182566345 0.862482727
-0.614613235 0.977807343
-0.225273862 0.607883573
-0.217343122 0.860534728
-0.61826247 0.93321389
-0.224597797 0.596572757
-0.618485868 0.980045497
-0.177107304 0.863973916
-0.232169211 0.580826819
-0.606165051 0.978597581
-0.608070552 0.943429828
-0.631586432 0.976464033
-0.170639917 0.868179083
-0.642811179 0.917158186
-0.238013893 0.924875319
-0.219636396 0.938579798
-0.225545436 0.590254486
-0.62676686 0.978651345
-0.601401091 0.968213797
-0.225617126 0.601092815
-0.469993621 0.761813939
-0.427043051 0.828625858
-0.474167466 0.820898831
-0.643620074 0.918547034
-0.225571185 0.93533206
-0.658265293 0.950307369
-0.225188166 0.599320114
-0.649702907 0.969152987
-0.524749339 0.444693327
-0.629008293 0.919265807
-0.653069735 0.936453342
-0.520429015 0.448344827
-0.650428832 0.925384462
-0.431972533 0.829806209
-0.224157169 0.60896039
-0.647844851 0.917097032
-0.361605138 0.78952527
-0.624080956 0.981553972
-0.63981241 0.911907196
-0.626510859 0.92209661
-0.614573658 0.987639666
-0.228427708 0.63376987
-0.182488292 0.860399008
-0.627743244 0.927526057
-0.224391103 0.625471234
-0.228392765 0.581448734
-0.165982589 0.933869898
-0.656703115 0.945892274
-0.643621087 0.90834707
-0.502645075 0.437231719
-0.659934402 0.955289006
-0.384886473 0.651435673
-0.625391543 0.981834769
-0.607827902 0.988981843
-0.236919984 0.877875566
-0.617886961 0.990797698
-0.634487987 0.97737354
-0.172935873 0.863267541
-0.428809762 0.829560339
-0.229626343 0.638552606
-0.640797377 0.977287352
-0.466060996 0.825621963
-0.520132124 0.44124639
-0.161093324 0.876294076
-0.271369636 0.701381683
-0.660391212 0.953112841
-0.233082324 0.873596251
-0.3316046 0.604755461
-0.605023026 0.984861732
-0.416350007 0.681347668
-0.64259243 0.910312414
-0.150471926 0.912875056
-0.62848556 0.983099818
-0.655915916 0.93575567
-0.642749548 0.908772826
-0.217291445 0.943026066
-0.237279624 0.87687546
-0.163345441 0.869748652
-0.240805179 0.885268271
-0.632048249 0.910856366
-0.221772566 0.610996604
-0.621290743 0.991691947
-0.527397931 0.449897945
-0.518007159 0.435544252
-0.482024848 0.799890697
-0.280016005 0.578948975
-0.246773884 0.671016216
-0.641151905 0.978393316
-0.421101302 0.687474787
-0.632562518 0.907690585
-0.242702574 0.890059829
-0.503498614 0.431320012
-0.639872611 0.909860373
-0.437961876 0.834483862
-0.265588045 0.694160998
-0.243289843 0.892399013
-0.656462312 0.934598148
-0.511599898 0.424017608
-0.639777064 0.905121922
-0.506248355 0.441481084
-0.222491249 0.59582907
-0.433453918 0.83175385
-0.603456497 0.999059141
-0.658951283 0.942062676
-0.527824402 0.438051105
-0.160513386 0.931108952
-0.519547045 0.425862283
-0.514284194 0.441325873
-0.602633178 0.949245751
-0.241487831 0.882147133
-0.531267166 0.44808054
-0.596767187 0.973124206
-0.312689811 0.590887785
-0.229353502 0.937029123
-0.148784697 0.91556704
-0.268034846 0.570121646
-0.220944911 0.590963602
-0.607090533 0.932337403
-0.169546857 0.864865661
-0.514596045 0.452475518
-0.508800626 0.421931088
-0.654323101 0.91345793
-0.220750213 0.625579655
-0.517657697 0.432121038
-0.531399429 0.458738834
-0.47815913 0.773451924
-0.423568517 0.689157724
-0.550487876 0.510837615
-0.629957914 0.907119393
-0.663128376 0.944106936
-0.663653255 0.906068742
-0.155186668 0.924462974
-0.636682272 0.904574871
-0.611922324 0.997764707
-0.595248997 0.975090086
-0.163814873 0.936339617
-0.511702895 0.452804953
-0.416113734 0.828468978
-0.52624923 0.426638693
-0.145676345 0.908358693
-0.514956713 0.420814365
-0.207318455 0.852228761
-0.220118091 0.588249087
-0.5179919 0.423341125
-0.545192361 0.477476239
-0.53252244 0.463463187
-0.546110213 0.45895946
-0.609699965 1.00072098
-0.615438402 0.925422072
-0.222613275 0.859341621
-0.60398525 0.931616545
-0.54358083 0.461615801
-0.553887367 0.505827665
-0.657185376 0.919512868
-0.655005813 0.901893497
-0.596384346 0.998329639
-0.663032949 0.943383873
-0.533999145 0.463254988
-0.539501429 0.445451975
-0.220687628 0.619431138
-0.532719076 0.466727048
-0.552295268 0.511246324
-0.228002697 0.940911353
-0.502701938 0.42116189
-0.559461951 0.513491511
-0.654230118 0.902918696
-0.217336118 0.605883062
-0.223275185 0.580415785
-0.281001866 0.576264381
-0.537401915 0.454353631
-0.547045708 0.483748376
-0.635959864 0.896217287
-0.2442514 0.568363726
-0.566463172 0.517667294
-0.150452673 0.918777764
-0.478245199 0.821784258
-0.655549467 0.903815389
-0.544347227 0.498328269
-0.226537704 0.942171812
-0.541902363 0.496820927
-0.496928364 0.425943047
-0.237001643 0.933109522
-0.534813285 0.464698911
-0.503267944 0.413338125
-0.449658126 0.836108804
-0.512343526 0.416838825
-0.59283793 0.971455693
-0.522407293 0.422447383
-0.533512831 0.436393738
-0.345248401 0.776463211
-0.222278759 0.581509173
-0.549151897 0.486722648
-0.593578756 0.99028945
-0.226034909 0.943263054
-0.668415725 0.895542443
-0.641964376 0.982359707
-0.544242501 0.476737022
-0.657672644 0.912894309
-0.504104555 0.413348019
-0.554797888 0.499939203
-0.545520663 0.466441572
-0.156522125 0.930000484
-0.536732376 0.45162946
-0.545797408 0.502297163
-0.668965578 0.896846473
-0.539582312 0.505231142
-0.639055371 0.987788439
-0.412074983 1.20396984
-0.520523608 0.457406074
-0.561353147 0.513891697
-0.236326605 0.657544851
-0.494164288 0.426098883
-0.459616154 0.834985614
-0.234785974 0.654793739
-0.557546437 0.47428441
-0.555165589 0.501645029
-0.222256139 0.94583112
-0.217590794 0.596077323
-0.514590144 0.415285528
-0.170903876 0.945759892
-0.495153964 0.438095838
-0.553627968 0.517418742
-0.53019774 0.469380796
-0.619061291 1.00274765
-0.546586275 0.455006152
-0.424562514 0.832858801
-0.615364134 1.00476646
-0.66489023 0.898186743
-0.218564853 0.622176886
-0.407881975 1.19933629
-0.538340271 0.488719434
-0.490487009 0.421080083
-0.411539197 1.2048974
-0.666142464 0.903214455
-0.252638996 0.566328049
-0.539320171 0.481981039
-0.53645438 0.472016931
-0.527581453 0.467852205
-0.452643931 0.835645914
-0.558567226 0.470959872
-0.56309855 0.518528581
-0.585678518 0.536612391
-0.620396078 0.908039927
-0.63009578 0.991657138
-0.563247502 0.497108519
-0.566012144 0.523059309
-0.149214998 0.918992043
-0.405232191 1.20526826
-0.55711931 0.518166721
-0.156519473 0.869168043
-0.535499334 0.473666728
-0.544252157 0.439913362
-0.533937454 0.487481773
-0.458071619 0.731939018
-0.535185695 0.480879366
-0.405666441 1.20912623
-0.162375003 0.863927126
-0.245763242 0.883389652
-0.556643367 0.487910688
-0.173004285 0.857141018
-0.615976393 0.915086091
-0.551245332 0.489343613
-0.536040366 0.487252146
-0.396279544 1.20528686
-0.514536917 0.458817184
-0.180571124 0.852842689
-0.488805324 0.420495778
-0.410697341 1.18995094
-0.527596891 0.4665218
-0.571867585 0.519512057
-0.562940001 0.476462215
-0.660416901 0.9665519
-0.559207737 0.485000253
-0.493401349 0.411837876
-0.145657763 0.915092349
-0.200289041 0.955174208
-0.564284384 0.471683025
-0.505582273 0.40635255
-0.608140826 1.01014507
-0.511193097 0.407339096
-0.488998294 0.410698503
-0.534381032 0.489955097
-0.52707243 0.470437795
-0.40416339 1.20999205
-0.567251384 0.497359395
-0.490113139 0.425572187
-0.491741806 0.436012506
-0.645976841 0.983897448
-0.534941435 0.48272863
-0.494510084 0.407517195
-0.394608557 1.19944084
-0.669669092 0.911610067
-0.535727322 0.479654312
-0.589448988 0.986360013
-0.412005365 1.19508088
-0.413421333 1.19869673
-0.633129597 0.992691338
-0.511680782 0.407736421
-0.490416735 0.444354922
-0.501152813 0.40231964
-0.416536301 1.20337057
-0.615554929 1.0079875
-0.33182019 0.767777801
-0.217586055 0.584041178
-0.55207926 0.523946285
-0.412861437 1.19607782
-0.587047458 0.994759083
-0.51258415 0.402690977
-0.576278746 0.533548653
-0.416132957 1.20024765
-0.572871506 0.481244773
-0.674357355 0.907388926
-0.205284074 0.847866595
-0.400517732 1.21151114
-0.507526994 0.463515341
-0.517819166 0.403827816
-0.508148074 0.403273255
-0.156746954 0.937146723
-0.639592052 0.989601254
-0.399931639 1.21131957
-0.39190647 1.19865656
-0.480213881 0.8256796
-0.50233227 0.403896004
-0.630101979 0.995239317
-0.490519941 0.44085747
-0.530928731 0.475629419
-0.530769289 0.472183883
-0.578745902 0.548993707
-0.492037058 0.404550046
-0.573633015 0.499251217
-0.486734539 0.423094869
-0.180835113 0.849582136
-0.578417897 0.528238535
-0.653000474 0.892250836
-0.505066097 0.402006328
-0.497889876 0.461675525
-0.570640922 0.529338658
-0.570243061 0.539967656
-0.471529216 0.833980262
-0.580382645 0.514340818
-0.456222475 0.727704525
-0.530976415 0.423746288
-0.573656738 0.498846859
-0.406281292 1.18722463
-0.667674065 0.936905921
-0.600466371 0.933007419
-0.520937264 0.407336682
-0.404505163 1.18789613
-0.574268758 0.526186585
-0.58974427 0.548123896
-0.391478121 1.2021507
-0.213362247 0.610240161
-0.218940854 0.576633275
-0.645840287 0.986508429
-0.587304294 0.511832774
-0.58784008 0.544132769
-0.574985564 0.523295105
-0.38608098 1.20749307
-0.530038595 0.476095557
-0.601241946 0.928728878
-0.569926858 0.540408969
-0.400651544 1.21591568
-0.246665537 0.564492941
-0.58875376 0.545926929
-0.488048047 0.399684191
-0.51822865 0.401303083
-0.674544513 0.893899739
-0.666593492 0.927918673
-0.574221909 0.545913696
-0.562379777 0.529323816
-0.237756073 0.665100873
-0.592323244 0.543446004
-0.238297388 0.871944487
-0.389409602 1.19929385
-0.410926312 1.21092248
-0.531055629 0.496081322
-0.671097755 0.924796581
-0.659026265 0.876650214
-0.583528161 0.519941151
-0.569902003 0.542160988
-0.483425975 0.421291262
-0.594880223 0.555077195
-0.598316014 0.537356198
-0.598044574 0.551845551
-0.596916795 1.00988615
-0.561564088 0.527619421
-0.486052155 0.408203304
-0.389737397 1.19514215
-0.575436831 0.485243022
-0.533217072 0.421033144
-0.672204733 0.880654871
-0.382921726 1.20626283
-0.61187464 1.01255119
-0.209985405 0.957472086
-0.526132107 0.495940387
-0.167844772 0.855623841
-0.217113078 0.577745557
-0.221700966 0.853652775
-0.68053329 0.90901953
-0.599296033 0.544817269
-0.382079393 1.19943583
-0.674147427 0.875282109
-0.201451868 0.960109472
-0.587435186 0.524330795
-0.171537116 0.855701566
-0.48611322 0.39704901
-0.54612124 0.438785613
-0.652836442 0.884464562
-0.485665351 0.820834398
-0.584354639 0.528839409
-0.195425391 0.959165692
-0.399676323 1.22234941
-0.484000593 0.388826907
-0.584367275 0.507238746
-0.577695191 0.475524068
-0.438083053 0.841361642
-0.527877569 0.491372347
-0.575644076 0.553141713
-0.399127871 1.22043788
-0.669864714 0.935696661
-0.485909492 0.398217052
-0.57236433 0.475405335
-0.485323429 0.401852787
-0.477979362 0.765153646
-0.230712309 0.65384078
-0.487479299 0.445245683
-0.584157825 0.561100066
-0.633923292 0.996648133
-0.633842826 0.994882345
-0.57105571 0.466903687
-0.599609554 0.543237269
-0.387993723 1.19396317
-0.169298381 0.95146066
-0.668111384 0.860724688
-0.417173833 1.21167135
-0.680784225 0.913449585
-0.520511091 0.483353615
-0.385673523 1.19096327
-0.680936575 0.85972172
-0.508093417 0.471039742
-0.384702057 1.19406497
-0.633870602 0.997309208
-0.379898727 1.20374215
-0.599595249 0.543672144
-0.674802601 0.872094274
-0.489053428 0.392665684
-0.381831735 1.19286311
-0.613708019 0.905078828
-0.392422229 1.19082582
-0.225743756 0.568558276
-0.52234596 0.476112604
-0.394679636 0.654073775
-0.221520767 0.953679144
-0.42715615 0.839064479
-0.171648949 0.854332507
-0.583772361 0.98936069
-0.593894303 0.56612432
-0.678125858 0.869995296
-0.650625408 0.98962754
-0.578305185 0.493041664
-0.543977439 0.523678899
-0.593177974 0.522395968
-0.566368222 0.455513269
-0.521512866 0.483515143
-0.487646699 0.390098482
-0.212385982 0.587999403
-0.388110757 1.18973327
-0.668266892 0.861524165
-0.494565636 0.383830339
-0.145833492 0.928787887
-0.221755385 0.954738081
-0.596460462 0.521219909
-0.677300274 0.879629374
-0.667194545 0.858772993
-0.481620222 0.415189415
-0.578664899 0.480064988
-0.515726924 0.478579998
-0.516470551 0.484736413
-0.601373136 1.01408553
-0.422065824 1.20747554
-0.540552199 0.525551558
-0.681482136 0.912139058
-0.207881778 0.845501244
-0.240658104 0.560454428
-0.599868715 0.569530249
-0.506338239 0.471993685
-0.189896598 0.843595266
-0.665143788 0.872264028
-0.478884071 0.412066728
-0.492227823 0.385657102
-0.514526963 0.476591945
-0.638634205 0.878754795
-0.476427794 0.399955392
-0.53767246 0.425410539
-0.409937382 1.18264902
-0.396554351 0.824846864
-0.596710503 0.57044071
-0.157997906 0.944703698
-0.504678488 0.39120245
-0.582512796 0.972228885
-0.410730928 1.18236208
-0.59691447 0.528173685
-0.483310401 0.382197112
-0.473061264 0.395266235
-0.667940915 0.850658774
-0.647297502 0.877826035
-0.458037078 0.842588842
-0.47704196 0.418813348
-0.567159057 0.557472706
-0.380850822 1.21506941
-0.641994596 0.878068566
-0.482148647 0.423183799
-0.484492481 0.379751682
-0.161389992 0.85739845
-0.511767685 0.474639177
-0.416438401 1.21776938
-0.424170643 0.681432247
-0.58004576 0.480591685
-0.582420528 0.994858086
-0.474485874 0.410888702
-0.139190465 0.907444179
-0.600934863 0.531178474
-0.693058431 0.85385859
-0.529353499 0.403821588
-0.486678958 0.82198441
-0.470755339 0.398622572
-0.489287794 0.791837811
-0.592824221 0.501483023
-0.167856246 0.852429867
-0.584192038 1.00172091
-0.166533336 0.9517349
-0.551915109 0.543237567
-0.647431135 0.872537017
-0.693506002 0.854490399
-0.640891671 0.997074544
-0.680197001 0.876050353
-0.139799386 0.914535403
-0.239541382 0.943703234
-0.534632444 0.414902776
-0.376979589 1.19301367
-0.285044789 0.57089448
-0.64396286 0.879354239
-0.683720648 0.872009158
-0.587820053 1.00715601
-0.417851865 1.18449271
-0.485232562 0.377192736
-0.428132623 1.20204294
-0.481679171 0.428568661
-0.5822106 0.487914771
-0.675267518 0.841020286
-0.455754191 0.841307163
-0.690688431 0.828922987
-0.601198733 0.920824826
-0.563731253 0.55753082
-0.596194565 0.934962392
-0.222225785 0.956881464
-0.554977894 0.549904883
-0.582364202 0.493072122
-0.660598636 0.982617438
-0.493493885 0.802125573
-0.584869027 0.965097308
-0.604842722 0.546436608
-0.471823752 0.391690403
-0.626404524 0.885523438
-0.534332156 0.41418007
-0.588927209 0.496855378
-0.46717912 0.839446127
-0.507189929 0.483399689
-0.568260014 0.551378548
-0.603061318 0.576592386
-0.692597806 0.870441556
-0.582247496 0.995655417
-0.607647061 0.553496599
-0.245527208 0.868226469
-0.483968198 0.828323483
-0.373570651 1.20719981
-0.604184151 0.530284286
-0.47080645 0.404697835
-0.584672868 0.487849563
-0.500843406 0.381595492
-0.414305329 1.22255254
-0.240061939 0.670801222
-0.17385228 0.845486879
-0.625935793 0.881676137
-0.579853654 0.972002625
-0.218737647 0.958303273
-0.42674461 1.19909263
-0.701656103 0.8273561
-0.700294375 0.849728703
-0.682030499 0.83732003
-0.525867164 0.397303253
-0.488081247 0.45359844
-0.373118192 1.20771801
-0.426912785 1.1962415
-0.673850715 0.946995914
-0.467904001 0.842457473
-0.390463918 1.22683132
-0.212463021 0.57368958
-0.391301751 1.22715676
-0.490578473 0.81810075
-0.596517503 0.928418398
-0.703788877 0.842275143
-0.219986171 0.957003474
-0.230365038 0.952224612
-0.609519064 0.898411214
-0.20813331 0.604844689
-0.644115686 0.873201787
-0.556883633 0.434676141
-0.386392117 1.18008614
-0.491530418 0.79357636
-0.414764792 1.18037915
-0.602422476 0.579578817
-0.425656557 1.19179082
-0.373821765 1.20935678
-0.577948332 0.467532724
-0.684843302 0.84588635
-0.70759809 0.842280984
-0.227217719 0.955604732
-0.645227492 0.864729166
-0.404616386 1.2268455
-0.710941017 0.845412672
-0.631333053 0.87124896
-0.538872361 0.531304002
-0.402266085 1.17452204
-0.408621579 1.17628503
-0.269062698 0.71474278
-0.533044219 0.405218422
-0.708470464 0.842629075
-0.503952324 0.379145831
-0.469486684 0.84294486
-0.542059124 0.42560333
-0.51588583 0.388601184
-0.137795612 0.901185215
-0.378412157 1.18406677
-0.708648145 0.83878243
-0.606529355 0.910521448
-0.518177092 0.510372758
-0.22038348 0.562178433
-0.605686247 0.913154244
-0.223312765 0.564883828
-0.46737045 0.390030146
-0.559402883 0.565678239
-0.599612534 0.590038121
-0.211197883 0.62612927
-0.608742833 0.551373661
-0.481757283 0.375571877
-0.608705401 0.570219934
-0.490504503 0.373192012
-0.370270938 1.21135437
-0.586720467 0.49343583
-0.239738911 0.555902779
-0.69358325 0.858396769
-0.24307549 0.944099784
-0.471929848 0.842187107
-0.697249234 0.85311377
-0.466279 0.394093633
-0.368891478 1.20150101
-0.684027493 0.879228473
-0.487385601 0.82630223
-0.4297221 1.1960094
-0.556674063 0.555330992
-0.49015975 0.372766405
-0.551870763 0.431839824
-0.553487718 0.55181849
-0.5129897 0.385034353
-0.587707222 0.579566538
-0.473043799 0.843227386
-0.512677312 0.501889169
-0.375327915 1.18470061
-0.688166261 0.911038637
-0.701087058 0.85342592
-0.604602218 0.578381479
-0.468241215 0.381844193
-0.634884298 0.869054556
-0.207335278 0.583958924
-0.704073668 0.830557585
-0.608119786 0.514468431
-0.699472904 0.823322058
-0.693291306 0.811663628
-0.48738116 0.827497005
-0.627528906 0.875940025
-0.287895739 0.569136083
-0.253023505 0.880806863
-0.170325205 0.845895767
-0.484751523 0.832829118
-0.205264017 0.965158701
-0.673848033 0.955926716
-0.689699352 0.809540153
-0.685158908 0.879821301
-0.608026326 0.580731273
-0.38737303 1.1762408
-0.466439366 0.404005051
-0.708052278 0.816678047
-0.605784476 0.585954368
-0.708728313 0.8072052
-0.399609387 1.23037732
-0.696448565 0.819885731
-0.586742699 0.580316603
-0.608646572 1.02031803
-0.666525245 0.83055222
-0.656319618 0.852264225
-0.694850147 0.799932837
-0.412310779 0.666328609
-0.596457362 0.920538604
-0.531784713 0.396665871
-0.475307345 0.437743038
-0.428125799 1.18744802
-0.694306076 0.874684989
-0.684251726 0.809406281
-0.691840291 0.804644048
-0.656648695 0.843288779
-0.635548115 1.0050633
-0.573819697 1.00005317
-0.55210799 0.552812576
-0.54501152 0.419461459
-0.575727344 0.984925985
-0.286808133 0.56717217
-0.497958988 0.373572409
-0.706832647 0.810012043
-0.616659641 0.5845294
-0.59802866 0.917843342
-0.584172487 1.01136112
-0.574019074 1.00167894
-0.693357587 0.808328629
-0.428334296 1.1842196
-0.532015204 0.529063106
-0.485385895 0.839411914
-0.581496656 0.470427752
-0.712939918 0.849542797
-0.374292403 1.21631646
-0.485489458 0.840258002
-0.372357875 1.188043
-0.255367339 0.557688355
-0.245705783 0.681576014
-0.645814061 0.862337768
-0.400213152 1.23415256
-0.260072887 0.558918953
-0.606023073 1.02225685
-0.589315653 0.488712937
-0.468707561 0.847085357
-0.41606307 0.83656013
-0.617826581 0.544692338
-0.603339374 0.911922514
-0.498774946 0.482703388
-0.513009429 0.383118868
-0.610137343 0.513229132
-0.576616287 1.00440514
-0.486069798 0.459940046
-0.227968201 0.558651626
-0.374534994 1.21858478
-0.430201113 1.20882976
-0.709925294 0.810953975
-0.697709084 0.87221545
-0.585919797 0.482681215
-0.613429546 0.523248672
-0.57890439 0.965608835
-0.605897605 0.895185411
-0.229471534 0.956751883
-0.610121012 0.586031258
-0.465515077 0.403593838
-0.646342933 0.997571528
-0.685551763 0.807701111
-0.610949814 0.59239614
-0.147224903 0.867097378
-0.722332954 0.83910799
-0.590403974 0.489833504
-0.216315597 0.964107096
-0.671473682 0.813973367
-0.410002977 0.835687041
-0.416084528 1.17116404
-0.703600645 0.86010021
-0.251523316 0.866275966
-0.227105945 0.961968124
-0.564675689 0.437556535
-0.617890894 0.549358606
-0.587713242 1.01956797
-0.58509922 0.581555009
-0.686065018 0.823017538
-0.723587215 0.840203702
-0.488611192 0.831781983
-0.671904147 0.811106443
-0.541051745 0.413637817
-0.613956928 0.555988073
-0.562586248 0.569872022
-0.405559778 1.23426259
-0.583481312 0.579284728
-0.463048816 0.724812806
-0.395260811 0.648023009
-0.576910615 1.00990093
-0.677401185 0.782781839
-0.393358767 1.16762221
-0.690714598 0.816526175
-0.394818008 1.17030966
-0.586767375 1.02127004
-0.699154496 0.874805272
-0.701364934 0.875846028
-0.68538779 0.823027849
-0.58232677 1.01138425
-0.569144905 0.997301519
-0.636228025 0.865036607
-0.398116052 1.23350251
-0.691624463 0.800633609
-0.691108942 0.788727522
-0.218907565 0.963148117
-0.673165977 0.790629327
-0.613658309 0.527689576
-0.384769231 1.22641838
-0.648168385 0.995681047
-0.365456343 1.18641746
-0.139007747 0.932720959
-0.569813311 0.578270316
-0.368136764 0.625319362
-0.653895915 0.851026356
-0.67426616 0.819110334
-0.468771636 0.418452829
-0.585311592 0.474117458
-0.527702451 0.530110836
-0.244424134 0.949662924
-0.377183318 1.22243917
-0.168221548 0.842506468
-0.714646518 0.803746402
-0.62760973 1.01591659
-0.176188901 0.839305401
-0.260356724 0.895214379
-0.631679058 0.864304423
-0.690456271 0.78739816
-0.606451154 0.505813003
-0.582041621 0.955077291
-0.573133469 1.01723564
-0.362921894 1.20134342
-0.222709298 0.554941177
-0.645025969 0.999235332
-0.39750281 1.23631549
-0.496035427 0.482891679
-0.3674739 1.18489957
-0.243918657 0.952484071
-0.489800692 0.775961578
-0.366708189 0.808779299
-0.20188731 0.581317008
-0.717747927 0.848061919
-0.538951576 0.409219086
-0.18042697 0.83443737
-0.716984034 0.800696492
-0.682389259 0.939258635
-0.706264973 0.867821515
-0.703645468 0.863428414
-0.644297898 0.856988013
-0.141783476 0.940602958
-0.706981063 0.782338142
-0.597089052 1.02512872
-0.45805347 0.851733744
-0.705277443 0.874210298
-0.706399083 0.873279154
-0.723012567 0.847823679
-0.261797428 0.909712791
-0.373244971 1.17453253
-0.616265178 0.532731116
-0.709243536 0.80196631
-0.23775956 0.854764879
-0.461606562 0.400193632
-0.72023499 0.856432796
-0.692583323 0.777273595
-0.589467287 1.02441216
-0.690993547 0.896358252
-0.712363541 0.798266292
-0.159126878 0.847159982
-0.142260373 0.94263202
-0.61816752 0.597758651
-0.668208659 0.825941682
-0.709470689 0.796881437
-0.620743752 0.875879288
-0.512825072 0.514321685
-0.677595437 0.82223475
-0.422443718 1.23092437
-0.393637002 1.23603702
-0.486762881 0.473526061
-0.2457546 0.855726659
-0.568856299 0.441603392
-0.158688933 0.844338775
-0.62484628 0.597815692
-0.564708352 0.433399439
-0.235239983 0.96306324
-0.579432964 0.956714571
-0.623757303 0.578754008
-0.625162661 0.582402527
-0.234015778 0.967206717
-0.596179187 0.599575162
-0.708038688 0.869752824
-0.619710207 0.573025465
-0.167369783 0.838699758
-0.491770118 0.842423379
-0.619685173 0.5568133
-0.617920458 0.568621635
-0.158312008 0.844669342
-0.623655975 0.87120384
-0.259056747 0.866526425
-0.382041812 1.17167366
-0.665230095 0.816675782
-0.362260491 0.619042575
-0.420455754 1.2323643
-0.404352993 1.16202211
-0.179096207 0.833167851
-0.376399517 0.819433928
-0.227783039 0.849982977
-0.258877903 0.864680946
-0.494362831 0.838065624
-0.567373753 0.580026686
-0.66563791 0.813046873
-0.69371289 0.914159477
-0.707461715 0.787493169
-0.694146395 0.774316251
-0.623766422 0.546549439
-0.579038978 1.02254224
-0.55578059 0.570863485
-0.692798674 0.904492438
-0.732141256 0.826904595
-0.567695141 1.01969671
-0.646077693 0.839109182
-0.246497378 0.954866588
-0.626115143 0.58126843
-0.46317333 0.37297374
-0.619304955 0.560307443
-0.534007192 0.543024659
-0.620299935 0.567378342
-0.484813809 0.847279668
-0.148203254 0.862124443
-0.684807837 0.941745758
-0.14918907 0.859895766
-0.614850879 0.513924837
-0.131767571 0.925979793
-0.139515877 0.942748427
-0.601719916 1.02796566
-0.540674388 0.552292526
-0.626598239 0.550948858
-0.462491244 0.421306193
-0.601034939 0.902929544
-0.419593275 1.16452742
-0.5006181 0.811988056
-0.64375031 0.838332593
-0.130741581 0.924999714
-0.732318819 0.810558677
-0.580037713 1.02435207
-0.434864312 0.687263489
-0.554735065 0.568621874
-0.625900745 0.559940755
-0.647530913 1.00026536
-0.57147038 0.584708333
-0.524768293 0.385759145
-0.586601317 0.924556673
-0.401785165 0.652390361
-0.141118422 0.947226107
-0.623578072 0.560700238
-0.648625493 0.831946611
-0.661091864 0.800879121
-0.557518184 0.572994232
-0.562448263 1.00800419
-0.201563492 0.564288914
-0.728957653 0.819984078
-0.482320696 0.459160745
-0.461944968 0.372183442
-0.630108595 0.556866407
-0.379372329 1.17014635
-0.570652127 0.98486197
-0.726395786 0.853814781
-0.260481656 0.555252552
-0.404249668 1.1611762
-0.386240095 1.16440547
-0.147095397 0.952068806
-0.265253693 0.886985183
-0.593343556 1.03118777
-0.139751315 0.944548965
-0.490410894 0.48164469
-0.637543201 0.857397676
-0.368800461 1.22193241
-0.560534239 1.02081037
-0.24675259 0.956762314
-0.711203277 0.887045622
-0.569078982 1.02427387
-0.309706271 0.577130437
-0.544414699 0.561024189
-0.563562632 0.431751668
-0.474806756 0.739150584
-0.719420254 0.793808043
-0.56668818 0.585594416
-0.517931521 0.527104199
-0.140094608 0.947535396
-0.378067821 1.23326647
-0.635434449 0.576198339
-0.405511677 1.16063905
-0.595799863 1.03366959
-0.567912817 0.435056955
-0.347409517 0.791455865
-0.564763784 1.02089429
-0.680130959 0.948896229
-0.621123612 0.607145607
-0.254757106 0.945452452
-0.732196987 0.846253574
-0.158921793 0.958841622
-0.563354552 0.579809606
-0.505159616 0.369870812
-0.685754776 0.765423775
-0.498965144 0.796111584
-0.239392087 0.966082215
-0.153273806 0.849145532
-0.268310517 0.555762529
-0.268474996 0.887813985
-0.631648302 0.604752064
-0.537672758 0.552991509
-0.627502322 0.546123028
-0.603686035 0.884444594
-0.369801462 1.17217088
-0.357801735 0.805589795
-0.46818924 0.435030818
-0.411354482 0.840744913
-0.688918293 0.765028059
-0.350027442 0.795556962
-0.633803546 0.58093369
-0.558835924 0.425654083
-0.464208364 0.368584067
-0.735934615 0.809529722
-0.653583348 0.998467267
-0.591945291 0.603519201
-0.568957746 0.979192078
-0.559804618 1.02394235
-0.266744822 0.89194268
-0.558468342 1.01131153
-0.610151649 0.615556538
-0.451325059 0.704205096
-0.732687712 0.801397979
-0.380428165 1.16662586
-0.17879352 0.829032719
-0.736717343 0.834091008
-0.524294496 0.536745906
-0.704994261 0.894342363
-0.687363148 0.933710575
-0.597223222 1.03483915
-0.360616922 1.19806349
-0.733791709 0.847863615
-0.250675499 0.550559163
-0.715216756 0.885203242
-0.653257072 0.823260665
-0.132675737 0.942152262
-0.730684817 0.797411561
-0.658637941 0.792048395
-0.634299934 0.858548999
-0.50333786 0.825689852
-0.678132415 0.963738084
-0.555773437 1.01667774
-0.735739231 0.845260918
-0.588361442 1.0407095
-0.224040955 0.54685545
-0.439965039 1.20559931
-0.586061597 1.03995287
-0.452133298 0.395260453
-0.248661533 0.961910963
-0.6498757 0.816069365
-0.504221439 0.823753834
-0.73037219 0.857984662
-0.51857841 0.376672715
-0.634354889 0.567046762
-0.716354668 0.887060285
-0.620192289 0.509370625
-0.585900843 0.597745478
-0.596844554 0.89760673
-0.29842028 0.568226337
-0.300073475 0.569524229
-0.459784865 0.368374169
-0.713109493 0.781008601
-0.251400262 0.960742593
-0.481690377 0.853862941
-0.725459278 0.787104666
-0.730249763 0.794627309
-0.633974195 0.835165024
-0.195113838 0.571050525
-0.383904636 1.24029696
-0.642513394 0.588152111
-0.394314736 1.15856171
-0.461166441 0.424247026
-0.247282356 0.546890378
-0.236259714 0.546160221
-0.502220333 0.508986413
-0.257775575 0.851735771
-0.624256492 0.528436065
-0.704728782 0.908403993
-0.630638003 0.85779798
-0.708185136 0.898905277
-0.156256601 0.839553595
-0.719257653 0.786908507
-0.563322961 1.03206706
-0.707595706 0.897353053
-0.616011798 0.616862953
-0.464848965 0.362322271
-0.555355966 0.415638119
-0.270131737 0.893689692
-0.644967496 0.82696116
-0.452433318 0.399808943
-0.715654969 0.890979409
-0.690272212 0.933672488
-0.584417045 1.04336774
-0.607124031 0.64063257
-0.459944904 0.359439492
-0.716176689 0.890873015
-0.413361251 1.1554172
-0.701645136 0.761471629
-0.497145236 0.359250695
-0.375844479 1.16557097
-0.669723809 0.769027472
-0.270941198 0.873083651
-0.574131727 1.0434289
-0.613108933 0.640240192
-0.257926285 0.851248801
-0.74001348 0.815337598
-0.665883422 0.770430505
-0.6403355 1.01802742
-0.426457882 1.23655677
-0.207390055 0.550234556
-0.654863417 1.00360453
-0.559339166 1.03311813
-0.449231148 0.383844614
-0.664807916 0.771954775
-0.353611976 1.21605122
-0.713749528 0.771279156
-0.49146384 0.492215544
-0.55950141 0.591323137
-0.441559672 1.20195854
-0.252057344 0.547525883
-0.712694466 0.770605803
-0.442504257 1.20377684
-0.388168275 1.2439822
-0.435872257 1.22593927
-0.71488601 0.767353654
-0.614378214 0.630439401
-0.623740613 0.616221964
-0.59223181 0.626975
-0.729317069 0.783567667
-0.62853092 0.615805924
-0.509888411 0.828255713
-0.639254272 0.56208533
-0.588788867 0.621540606
-0.506639898 0.842802167
-0.174883485 0.966205776
-0.622081518 0.616416216
-0.604058623 0.641000867
-0.554476261 1.00034571
-0.641404629 0.558932185
-0.535653889 0.383882135
-0.636084318 0.601340353
-0.435240448 1.23079538
-0.736050129 0.790559709
-0.122475132 0.934944212
-0.415824324 1.15611696
-0.258677989 0.847902894
-0.451024413 0.370302647
-0.681873202 0.75977242
-0.646397173 0.590893626
-0.530066311 0.555402875
-0.257365584 0.846900523
-0.609829068 0.871828556
-0.271037638 0.862610638
-0.651300967 0.808810174
-0.453537107 0.862148285
-0.272725433 0.870499849
-0.15061605 0.834375083
-0.583151519 0.609879613
-0.576116145 0.603522241
-0.586177647 0.615837574
-0.662648678 0.774544954
-0.623300552 0.618190706
-0.690831959 0.757971883
-0.585044146 0.615262449
-0.507047534 0.843427658
-0.592176378 0.464244634
-0.500153065 0.781165719
-0.455525368 0.357549191
-0.712498665 0.904025972
-0.264606208 0.93195051
-0.648862958 0.797475398
-0.546478927 0.390732646
-0.564611316 0.976502061
-0.618663669 0.855999172
-0.661576033 0.769281566
-0.127140701 0.945402324
-0.364818543 1.23456764
-0.53933084 0.57055223
-0.507177234 0.806188107
-0.22880052 0.978399634
-0.274347991 0.870222032
-0.560848415 0.987794578
-0.608018994 0.647003531
-0.725506008 0.883528531
-0.471261919 0.352521688
-0.658059001 0.774748683
-0.66155082 1.00047338
-0.601028681 0.478156984
-0.35333544 0.607046127
-0.660646975 0.766336858
-0.662291169 1.0003283
-0.575353503 0.608528256
-0.627094746 0.632191539
-0.391539961 1.24832547
-0.582324445 0.616928637
-0.63546586 0.826959372
-0.22992906 0.978855133
-0.426896363 0.851031005
-0.229878038 0.541001797
-0.2672019 0.85286653
-0.191287622 0.59660548
-0.191378444 0.599351346
-0.619493484 0.854188561
-0.742072582 0.82406491
-0.273706138 0.889189482
-0.44323951 0.374228507
-0.674254894 0.75109309
-0.625966668 0.827478886
-0.735798359 0.876570165
-0.544237792 1.04033685
-0.653767049 0.775200009
-0.50993377 0.808201551
-0.552130878 0.998870552
-0.496278673 0.511148334
-0.691405773 0.944906294
-0.596467435 1.04686999
-0.443784803 1.18615711
-0.691317976 0.945689857
-0.561214447 1.04289544
-0.635348797 0.527550519
-0.740354419 0.791704595
-0.275155306 0.888112128
-0.122551456 0.923088491
-0.674842894 0.740825176
-0.70587188 0.752863824
-0.123822302 0.946235657
-0.267142892 0.935143709
-0.561828256 0.974540472
-0.279236972 0.551894724
-0.743827701 0.851586103
-0.533225179 0.569270194
-0.629443586 0.510920167
-0.44232145 1.17511368
-0.64723146 0.54107058
-0.583713591 1.0522052
-0.159808084 0.824293137
-0.447559059 1.22191572
-0.441787302 0.382081032
-0.627737463 0.626739144
-0.627796531 0.644040465
-0.561613619 1.04746819
-0.375053585 1.24469244
-0.602032483 0.465882212
-0.189935505 0.562358379
-0.54595983 1.03578103
-0.118909717 0.936471045
-0.423522949 1.24550736
-0.643129826 0.793586791
-0.147621065 0.825231612
-0.619938374 0.847853839
-0.122885503 0.948665619
-0.280244052 0.882070899
-0.52624923 0.555112839
-0.119489275 0.939607859
-0.631751955 0.621719956
-0.277024657 0.86020267
-0.612404764 0.860102654
-0.675732374 0.74741447
-0.61450541 0.857254565
-0.564165235 0.95187968
-0.633135557 0.620239317
-0.542083979 1.03013337
-0.718824029 0.761439979
-0.227240086 0.538926303
-0.194041789 0.5496943
-0.14446415 0.826700687
-0.563573301 1.04925859
-0.655100226 0.753500223
-0.188684464 0.564638257
-0.432817817 1.16052556
-0.627070189 0.823359907
-0.205020636 0.544162571
-0.434151173 1.1627835
-0.507368684 0.529866397
-0.194288656 0.55095917
-0.741856217 0.794846952
-0.414146245 1.24855053
-0.484446049 0.491266608
-0.634212911 1.03164494
-0.642676353 0.613813877
-0.632553399 0.652661264
-0.500996351 0.862335324
-0.607607007 0.860030413
-0.722899318 0.89403528
-0.14088653 0.829562306
-0.228292406 0.538576066
-0.647551835 0.750096083
-0.463124454 0.866501689
-0.643743634 0.77423209
-0.66951102 0.751553178
-0.126245558 0.954962134
-0.348267108 1.21515429
-0.634917498 0.621084094
-0.449036449 0.355767757
-0.553340316 1.04909122
-0.665668786 0.752833605
-0.729849815 0.76532799
-0.282885879 0.860860944
-0.754402101 0.824438334
-0.439440787 0.371646881
-0.148758605 0.821074426
-0.465524375 0.346345931
-0.47665599 0.344384193
-0.446354628 0.689307153
-0.348504335 1.21240187
-0.492106497 0.863392532
-0.231513485 0.679549694
-0.435367316 1.24287128
-0.605062366 0.863395214
-0.599061608 0.459846735
-0.744485497 0.798561156
-0.346144319 1.19239426
-0.421463877 1.15495646
-0.347710729 1.21350133
-0.586923122 0.442096174
-0.649605274 0.762958407
-0.714734197 0.754365146
-0.644589782 0.615292668
-0.516460836 0.827358365
-0.592320085 0.881487906
-0.468812227 0.465458155
-0.182825029 0.583760738
-0.252410293 0.982336879
-0.646899939 1.02333236
-0.603562832 0.866452157
-0.440654546 0.361720443
-0.640353799 0.791588068
-0.516340971 0.821639895
-0.459723443 0.347138643
-0.196423411 0.545774817
-0.243280768 0.986941934
-0.74848485 0.835719168
-0.751612544 0.792151153
-0.239052564 0.989433706
-0.231333196 0.681000113
-0.713800788 0.916620493
-0.635687411 0.628466964
-0.243448883 0.98756361
-0.639148951 0.764223099
-0.496165603 0.868782401
-0.244279981 0.985853016
-0.277020186 0.849474251
-0.486829519 0.740772903
-0.453688025 1.20045984
-0.640633285 0.783312261
-0.666890442 0.748881817
-0.475885272 0.726402342
-0.645406544 0.758071721
-0.634545445 0.630517185
-0.160950646 0.814930141
-0.685352504 0.728615344
-0.622616887 0.492095321
-0.182577327 0.564518988
-0.516263425 0.805051446
-0.659472823 0.737435699
-0.48744297 0.504542947
-0.738448203 0.766973853
-0.565669537 0.947451472
-0.546914458 1.05118966
-0.579271913 0.641380906
-0.446024388 0.685956776
-0.669824898 0.739827871
-0.482832134 0.869723141
-0.58561933 0.434067726
-0.454424948 1.20045435
-0.269036889 0.953907907
-0.754337966 0.787821114
-0.45608297 0.346432626
-0.257125497 0.840001166
-0.565789938 1.06402755
-0.282732904 0.849069118
-0.512128294 0.54019618
-0.453526556 0.346931756
-0.630871475 0.796513379
-0.198136449 0.539794087
-0.723103106 0.751148701
-0.257291824 0.985495031
-0.560392797 1.05953002
-0.457800627 0.446069688
-0.261487901 0.715998173
-0.630396366 0.795573175
-0.61943984 0.669847727
-0.141052574 0.816350818
-0.617025912 0.471845567
-0.109905638 0.944446504
-0.629286587 0.674508989
-0.573264718 0.420571387
-0.467824161 0.343189478
-0.642595768 0.767808676
-0.454571128 0.440656722
-0.180129528 0.562193334
-0.529871464 0.580201805
-0.609559894 0.837822795
-0.476935565 0.34062475
-0.17145437 0.813792944
-0.63382113 0.760896325
-0.435833156 0.384364486
-0.109704889 0.946186006
-0.213182762 0.531662881
-0.554121733 1.05818522
-0.259752333 0.986845911
-0.470600873 0.341204554
-0.301111013 0.855719507
-0.556059361 0.973952174
-0.525304914 0.582669258
-0.291000754 0.850739002
-0.182098374 0.560579121
-0.413938165 1.14638281
-0.7442047 0.878552854
-0.109933853 0.928870976
-0.663251042 0.732420266
-0.652800679 0.617315769
-0.599778533 0.852687716
-0.513208866 0.546924889
-0.515884399 0.550524831
-0.283363104 0.846737623
-0.49302277 0.513347447
-0.641839087 0.62899971
-0.658101916 0.61086446
-0.563554168 1.06420183
-0.520813525 0.570772171
-0.379485667 1.25194025
-0.303914368 0.855672657
-0.692053854 0.955811203
-0.643515289 0.624605954
-0.164934635 0.811502337
-0.601181328 0.448814332
-0.420715958 0.657491028
-0.531876206 1.02211773
-0.694978237 0.95129931
-0.108775496 0.924705565
-0.756786585 0.785480738
-0.42916438 1.25069177
-0.490565181 0.34271419
-0.510284483 0.544466615
-0.218680739 0.669595718
-0.147261307 0.814056814
-0.302062869 0.860259295
-0.465452075 0.466299653
-0.627420247 0.741255701
-0.140744358 0.966957092
-0.108613476 0.925535202
-0.643158495 0.637518227
-0.661222935 1.01090765
-0.558141053 0.60590589
-0.216563165 0.530432701
-0.443601459 1.24057508
-0.582771182 0.653256893
-0.529392779 0.589581966
-0.549203634 1.05687928
-0.668389499 0.723857284
-0.475022286 0.337875307
-0.629631281 0.681335509
-0.64897424 0.631445944
-0.520160437 0.572253883
-0.65198189 0.656022251
-0.39905104 1.25824749
-0.524231076 0.587398648
-0.630269885 0.789229453
-0.649863839 0.635097086
-0.575734675 0.915708125
-0.562839925 0.399708778
-0.511645436 0.780781865
-0.436454833 0.39000082
-0.115107335 0.957775712
-0.611098409 0.679127812
-0.632524431 0.501518726
-0.575791001 0.647877097
-0.695514858 0.733399689
-0.720745802 0.750033081
-0.614991963 0.685464144
-0.760119081 0.811028957
-0.595621109 0.860475838
-0.615786135 0.685205817
-0.263889968 0.98437506
-0.639698863 0.717906475
-0.454686642 1.1746403
-0.203612298 0.529655695
-0.146425515 0.811071992
-0.263644159 0.982460618
-0.294858158 0.756293237
-0.557727695 0.96476078
-0.144142687 0.809732854
-0.47255224 0.873526573
-0.566318512 0.634288311
-0.103511035 0.920911372
-0.530393243 1.03531396
-0.551680088 0.611395538
-0.166064352 0.803815365
-0.625531495 0.804169714
-0.639593303 0.726782501
-0.641780198 0.716689587
-0.647952378 0.675916374
-0.58471787 0.875806451
-0.513564587 0.566342235
-0.75038445 0.766071975
-0.4103297 1.14145815
-0.654040039 0.629556954
-0.641844451 0.718916178
-0.73560226 0.752304614
-0.103547454 0.941940069
-0.109838158 0.963187218
-0.596604466 0.442636132
-0.361764312 0.604452729
-0.176718771 0.595933139
-0.727896094 0.749102771
-0.341575265 0.803918719
-0.636322081 0.725018561
-0.298497379 0.842409253
-0.351418436 1.23388886
-0.76111865 0.81878382
-0.295056999 0.842105329
-0.435679734 0.348296672
-0.562194467 0.3920587
-0.565939426 0.92618072
-0.153273195 0.805996895
-0.126712382 0.811732292
-0.604002237 0.686536968
-0.534669042 0.998925626
-0.557478964 1.06634676
-0.506007075 0.874588013
-0.541079402 0.371872455
-0.520105243 0.810979128
-0.579541802 0.658995211
-0.195835307 0.531986475
-0.204589114 0.527638257
-0.659154058 0.540142894
-0.479587644 0.506647706
-0.594594955 1.06229985
-0.534567833 1.05748296
-0.531019866 1.05025291
-0.607093334 0.68151772
-0.286201477 0.837835193
-0.58325696 0.660025537
-0.310422242 0.869703412
-0.295197874 0.834450185
-0.277468324 0.835977912
-0.596100926 0.682923555
-0.428685874 0.340523094
-0.596810102 0.664755583
-0.282385796 0.838522077
-0.587156355 0.664250076
-0.151810437 0.804130018
-0.605178356 0.672991037
-0.659049988 0.705209255
-0.521933496 0.869081259
-0.639394164 0.710665584
-0.498053998 0.545380116
-0.302991867 0.833845735
-0.467253298 0.332543492
-0.404970616 0.850681543
-0.74251771 0.892358303
-0.765366137 0.829645276
-0.591882348 0.664568722
-0.45595929 1.17025328
-0.575222731 0.879056513
-0.568065882 0.645797133
-0.66000855 0.645922303
-0.674472034 0.714971542
-0.649216592 0.698349059
-0.272598535 0.832801759
-0.748517871 0.885984302
-0.586494625 0.671549082
-0.592710078 0.684667885
-0.172790825 0.559835374
-0.523682177 0.866228044
-0.637723505 0.710504413
-0.265975863 0.988281786
-0.668869138 0.595073164
-0.307766825 0.840846598
-0.768228948 0.830432534
-0.527623057 0.599661052
-0.605799675 0.69721818
-0.470848978 0.48850885
-0.733809948 0.896274328
-0.435547411 1.25080574
-0.13761963 0.780091703
-0.438562721 0.335897356
-0.421061039 1.25973415
-0.492902189 0.529098988
-0.258381605 0.532247782
-0.18615149 0.527232885
-0.453406751 0.326267481
-0.636091471 0.691355407
-0.170715943 0.796877563
-0.318626881 0.859321535
-0.641663194 0.508865237
-0.265446126 0.994028091
-0.440386057 1.1511817
-0.707196116 0.943703949
-0.561053932 0.933191776
-0.17895326 0.533056974
-0.613547862 0.810911059
-0.14552857 0.780309558
-0.446616977 0.676499486
-0.722074986 0.739584625
-0.623353302 0.706568062
-0.551596522 0.621027827
-0.644524753 0.512173951
-0.585952342 0.677561522
-0.186634004 0.624406457
-0.426656663 0.388873339
-0.701979756 0.721073389
-0.568734407 0.903696656
-0.567476153 0.906418145
-0.248157993 1.0009824
-0.150054216 0.791481674
-0.609873652 1.05694211
-0.6006217 0.438284457
-0.620358527 1.04908049
-0.673329353 0.692209482
-0.556050658 1.07181823
-0.441363066 0.328617901
-0.514375031 0.876595259
-0.584272444 0.677762508
-0.549209058 0.620893717
-0.140569091 0.777143478
-0.633669198 0.707330167
-0.126300856 0.780982554
-0.618567467 0.714811385
-0.667090416 0.562794685
-0.463720351 1.21407223
-0.619969428 0.707288921
-0.633954406 0.483902633
-0.212470174 1.00246716
-0.595509171 0.830862045
-0.716704547 0.731152952
-0.462281197 0.480075032
-0.174103498 0.528993368
-0.461702764 1.1994946
-0.31017676 0.834260941
-0.489624947 0.885001302
-0.332562864 1.20055556
-0.459585369 0.470760882
-0.760765612 0.871133745
-0.117856383 0.797537684
-0.609609127 0.724700034
-0.484185398 0.519052804
-0.308116972 0.829396248
-0.659023166 0.676454604
-0.326970637 0.833394825
-0.173269868 0.794031739
-0.608708382 0.725606024
-0.137068689 0.777167082
-0.554793179 0.636365712
-0.765344799 0.853776276
-0.514214873 0.877760112
-0.169976518 0.537170589
-0.265970469 0.999946356
-0.132236481 0.981758952
-0.260893077 1.00376129
-0.43018955 0.327419877
-0.53789866 0.849545538
-0.568526804 0.668996811
-0.526788652 1.06978083
-0.495375544 0.737858772
-0.307776809 0.826930285
-0.401982844 0.629873514
-0.170520604 0.54791832
-0.0900641978 0.946278274
-0.765279949 0.846880555
-0.601874352 0.429336965
-0.76870501 0.855154812
-0.452976584 0.319153398
-0.420584738 0.377487361
-0.666743457 0.580165684
-0.081340313 0.952713966
-0.314674497 0.811328113
-0.670414686 0.642746866
-0.495355904 0.574291825
-0.345154613 0.819224179
-0.63669771 0.48279357
-0.480803102 0.887668371
-0.176640689 0.515928507
-0.519659281 0.881373167
-0.330626458 1.20364463
-0.218649849 0.511990726
-0.0846065283 0.949640691
-0.155766129 0.543263972
-0.259898961 1.00731838
-0.601008475 0.816268563
-0.564092577 1.07902575
-0.519469738 0.34760046
-0.329115331 0.813171089
-0.545762897 0.628287852
-0.175104976 0.793188751
-0.332457513 0.843884289
-0.556315064 0.869464397
-0.554671168 0.87082541
-0.673510194 0.645357192
-0.334840477 0.81961447
-0.245969921 1.0096612
-0.513340473 0.884553909
-0.313527167 0.888370216
-0.61161679 0.769028008
-0.332407504 0.854279637
-0.608192325 0.438988
-0.090933457 0.926166892
-0.51317215 1.02006102
-0.339070171 0.828087568
-0.582480013 0.837400138
-0.0953566134 0.980260432
-0.0763171986 0.961612463
-0.611247659 0.759816289
-0.529216707 0.354079157
-0.649251103 0.503924072
-0.603762925 0.431533009
-0.35844022 1.14464116
-0.672611117 0.57683301
-0.665153384 0.66195327
-0.16562897 0.577917695
-0.772359967 0.787469625
-0.61218363 0.431293428
-0.440000981 1.14090443
-0.529227138 0.897291839
-0.602367461 1.07354712
-0.173012853 0.514948368
-0.582820892 0.392313778
-0.672965884 0.577381968
-0.122415125 0.781292379
-0.479607761 0.536093473
-0.768904328 0.76900816
-0.527254879 0.904767513
-0.541554928 0.881629348
-0.542354107 0.835278213
-0.345370233 0.837412417
-0.329453379 1.18690932
-0.450302452 0.30790174
-0.0823075026 0.940639377
-0.191058755 0.98799032
-0.539547086 0.909142613
-0.501664281 0.888427138
-0.465637207 0.507553697
-0.073529914 0.944384396
-0.53896004 1.08879209
-0.522753239 0.883402705
-0.552869499 0.845446706
-0.431192726 0.645874023
-0.560767472 0.679088652
-0.600701928 0.781616449
-0.417824894 0.385919869
-0.152109861 0.55504626
-0.512101352 1.01582909
-0.487808734 0.573231816
-0.45844382 0.48707813
-0.101508513 0.779576182
-0.248017892 1.02969587
-0.534766316 0.903992653
-0.11082761 0.779636502
-0.457769036 0.495367616
-0.329853117 1.17682946
-0.265610009 0.73840642
-0.50466603 1.05968642
-0.256324738 1.01409698
-0.772794545 0.862608016
-0.526400208 1.08476079
-0.508378327 1.03160298
-0.44232142 0.882127702
-0.538270831 0.901718616
-0.459877372 0.677200198
-0.446211606 1.14024389
-0.532006919 1.09049892
-0.10057956 0.785950959
-0.570777655 0.381229728
-0.276180923 1.02449131
-0.257612407 1.02314603
-0.540747702 0.824190795
-0.371656865 0.850520194
-0.0735922605 0.942106485
-0.286478877 1.0129143
-0.464504153 1.24182284
-0.0945156217 0.76595217
-0.515347779 1.00035322
-0.358914137 0.836773872
-0.476589948 1.19635344
-0.553402066 0.673609257
-0.461225837 0.675906062
-0.0946542025 0.779641926
-0.680638909 0.683256745
-0.532581687 0.626363814
-0.389815629 0.615820408
-0.74944371 0.909719586
-0.544576168 0.916535497
-0.523370981 0.615019798
-0.26639241 1.02991962
-0.715057254 0.712799668
-0.288556457 1.02356684
-0.642194271 0.466043353
-0.117287822 0.767905891
-0.6153934 1.0657891
-0.123763204 0.74369508
-0.487731516 0.310789526
-0.540198505 0.665467501
-0.500908911 1.03400004
-0.765134037 0.747892618
-0.0990462899 0.795718253
-0.668508351 0.523124754
-0.111932844 0.770858049
-0.171141818 0.503361642
-0.784278214 0.793697417
-0.775519311 0.770436049
-0.472199082 0.545028448
-0.326402336 1.17823601
-0.678513408 0.55178225
-0.334824324 1.16153872
-0.117580265 0.765912533
-0.500332654 1.03555918
-0.069615677 0.959944129
-0.669573367 0.503694534
-0.488559455 1.04399955
-0.131771684 0.734028697
-0.685595632 0.674980044
-0.673021615 0.504313231
-0.689577043 0.655156076
-0.783418834 0.788095415
-0.676842213 0.534662008
-0.673980653 0.502072334
-0.349259138 0.863235652
-0.450264692 1.13160753
-0.5030936 1.06786299
-0.0615658611 0.945720434
-0.414160073 0.327638537
-0.445227414 1.13237822
-0.164655983 0.988212228
-0.444551766 0.640714109
-0.264734417 0.74034816
-0.750108659 0.723603964
-0.0562967956 0.971315026
-0.295142472 0.912981749
-0.731021762 0.946571469
-0.409908891 0.32826519
-0.299170911 0.986593843
-0.290312469 0.933875918
-0.682157516 0.558833122
-0.59556073 0.747015178
-0.394607425 0.369929105
-0.441840738 1.26091838
-0.302656651 0.991001725
-0.237978101 0.816960752
-0.78472054 0.845217764
-0.375585347 1.12220347
-0.573455215 1.0984025
-0.565110564 0.721508741
-0.506786168 0.913710952
-0.532896817 0.652276278
-0.675544858 0.512629032
-0.496023655 0.314045399
-0.092202127 0.811855853
-0.0640379041 0.993691504
-0.634502053 0.436591238
-0.494828045 0.59876895
-0.099161543 0.739705384
-0.31834361 1.2312007
-0.512218893 1.0843966
-0.393189669 0.356099308
-0.0833306909 0.992775261
-0.507878959 0.99708432
-0.425044388 0.631715238
-0.553243101 0.696353436
-0.0539748073 0.993985415
-0.498116136 0.609295964
-0.715130091 0.690931439
-0.0388262719 0.975411236
-0.485912055 1.00441599
-0.456335187 1.26237071
-0.136675954 0.558505595
-0.279977441 1.04152822
-0.0849054307 0.735607028
-0.471000999 0.678498149
-0.437600672 1.11920691
-0.0690562278 0.992206395
-0.196594477 0.790310562
-0.0550184101 0.99018693
-0.785191774 0.871916175
-0.429465204 1.00079012
-0.530323386 0.946452677
-0.563772798 0.809264183
-0.219296515 0.49199301
-0.49114424 0.303580165
-0.0551475883 0.787100136
-0.572134793 0.816637516
-0.628326416 1.06971598
-0.709062636 0.699909806
-0.0753847957 0.80956018
-0.713776648 0.687910557
-0.598478258 0.3861036
-0.146961644 0.495648623
-0.463467449 0.993651152
-0.422985613 1.00657392
-0.144393325 0.504803658
-0.594247997 0.760308981
-0.565887809 0.363434106
-0.42659685 0.999827325
-0.146823168 0.597622395
-0.171457946 0.75484395
-0.45152384 1.01653636
-0.155405879 1.11343729
-0.141566426 0.504301071
-0.710178971 0.690930128
-0.482416898 1.00904524
-0.562374353 0.800388634
-0.483050942 1.00655389
-0.149492323 0.736782968
-0.139675319 1.14430141
-0.099478364 0.833663642
-0.552999198 0.705922127
-0.30248785 0.52709645
-0.460189253 1.02510488
-0.342104524 0.477348268
-0.700125515 0.537638128
-0.170834363 0.487299562
-0.568433881 0.365268797
-0.582922816 1.10807991
-0.399241865 0.981985927
-0.0990185738 1.00872421
-0.202267408 1.11658406
-0.247926772 1.10222054
-0.172772288 0.379980326
-0.467234224 0.642299116
-0.497532547 0.706688046
-0.323320925 1.25083292
-0.404354036 0.594157457
-0.425878793 1.02236152
-0.789876461 0.890022159
-0.439255029 0.974712789
-0.400686681 0.330367774
-0.43738535 0.474651635
-0.0540043712 0.768391967
-0.565398097 0.771158695
-0.710183263 0.647309303
-0.138513148 1.14995551
-0.352070332 0.89440912
-0.0496533513 1.00910568
-0.158760786 0.359767079
-0.6854285 0.498438239
-0.498425215 1.08747029
-0.212696373 0.370685995
-0.576798797 0.807537675
-0.189696521 0.482267827
-0.428479373 0.985160172
-0.314971209 1.04430294
-0.345215082 0.571776628
-0.401858211 0.396251023
-0.428570867 0.296421915
-0.295691371 1.21963179
-0.573042333 0.755240023
-0.505096078 1.09562886
-0.381279707 0.989629507
-0.183916211 0.332208633
-0.38775152 0.881783903
-0.236068368 0.327666461
-0.276514292 1.06467271
-0.189769864 0.342965901
-0.335485816 1.02268851
-0.109346569 1.16699481
-0.117514551 0.566931188
-0.208604455 0.352180928
-0.189124227 0.363857836
-0.473030508 0.636157572
-0.771613002 0.736072063
-0.392977178 1.11088729
-0.413546622 1.04012465
-0.411936343 1.00955081
-0.15261662 0.353564471
-0.123982012 1.18400788
-0.199558496 1.09651303
-0.201481283 0.34844166
-0.164764225 1.10805559
-0.611304522 0.381884813
-0.322558135 0.481984138
-0.380580574 0.321549147
-0.034342587 0.780754685
-0.110948503 0.522693098
-0.693046689 0.591226816
-0.13059175 0.48764953
-0.49108091 1.08941174
-0.44013536 0.959893942
-0.338406414 1.01037633
-0.0536496043 0.765722275
-0.16508925 1.11559582
-0.407315433 0.975465953
-0.197340667 1.09618795
-0.346395701 0.560626507
-0.143281519 0.400714368
-0.518317461 1.12703371
-0.568310916 1.24178958
-0.198104203 0.331728876
-0.129267097 0.403632253
-0.452335298 0.562189817
-0.20762527 0.345380127
-0.709172308 0.640612841
-0.029886961 0.434449822
-0.624532163 0.401711673
-0.270097613 1.2341156
-0.228921831 1.25003076
-0.0161507726 0.996054351
-0.12547189 0.487403542
-0.189004004 1.13666141
-0.573157191 1.25109792
-0.567314088 0.735395789
-0.732266188 0.971474588
-0.063436389 0.747434258
-0.510546684 0.310920149
-0.263668418 1.24398851
-0.411980718 0.552228928
-0.130976975 1.15587139
-0.104730904 1.16063714
-0.439993918 1.03761721
-0.0550166965 0.557727218
-0.33589977 1.1397016
-0.0170680434 1.00078678
-0.188165307 0.664538264
-0.0414579511 1.02593136
-0.646216393 1.06652164
-0.534187675 0.733282447
-0.290146142 1.08598208
-0.11448884 1.13794589
-0.214833736 1.13065195
-0.362666875 0.485632002
-0.116787434 0.706161499
-0.362215698 0.895056844
-0.390393466 1.06723785
-0.118275821 0.574649751
-0.447901636 0.582739413
-0.159500659 0.388812184
-0.105227232 1.00803757
-0.39012453 0.546984673
-0.462670088 1.10740089
-0.220770836 1.25264585
-0.37542966 0.927079499
-0.381185979 0.874589622
-0.264391005 1.21569371
-0.423813641 1.08630514
-0.399404138 1.04527998
-0.280407548 1.25949812
-0.245972037 0.333709747
-0.462402374 0.60663563
-0.560935497 0.753329873
-0.281318665 1.23678863
-0.520054042 0.728355885
-0.272682846 0.761075258
-0.48464039 0.622439265
-0.285917521 1.25341392
-0.591840923 1.26134372
-0.240933716 1.11496544
-0.545511127 1.12924838
-0.384262413 1.11338329
-0.0626821518 0.526313543
-0.292676687 1.08740926
-0.126828671 0.403451443
-0.582770407 0.35653317
-0.112307847 0.369211376
-0.128474236 0.384098649
-0.300023556 1.23953962
-0.120527089 1.12637568
-0.791906118 0.895572841
-0.420421064 0.952022374
-0.110313773 0.519250095
-0.290046811 1.07830596
-0.172308087 1.15139198
-0.493892968 0.974546373
-0.418532729 0.579443634
-0.335864723 0.522196472
-0.432297885 0.565445781
-0.403496772 0.555770636
-0.285361111 1.12599087
-0.235692322 0.467632353
-0.4096587 1.06113231
-0.101376295 0.363298655
-0.018135488 0.759322762
-0.0441135168 0.404094756
-0.737675786 0.652715087
-0.334887713 0.911248267
-0.584629893 1.13324022
-0.564355791 1.15931332
-0.526294351 1.19122458
-0.316963673 1.09625077
-0.20523721 0.338575691
-0.0351312757 0.376883596
-0.395574242 0.5551489
-0.605874538 1.25403523
-0.691965878 0.351625115
-0.179634809 1.12091184
-0.0490409136 0.410167813
-0.34181127 1.00191188
-0.607218623 1.12843752
-0.55816257 1.26459229
-0.34343487 0.431141555
-0.0221550465 0.536590219
-0.237918198 1.21140838
-0.258975267 1.09301758
-0.280832589 1.10080957
-0.364287257 0.343782336
-0.329398453 1.13654351
-0.321323991 0.526597738
-0.338637978 0.996465743
-0.354152977 0.982938826
-0.537775338 1.2388196
-0.402788609 1.07362103
-0.0981908441 0.341067702
-0.134093702 1.19624686
-0.408693343 0.896461904
-0.0151024461 0.775840044
-0.0674131513 0.565448046
-0.37574479 0.518981695
-0.0548568964 0.543182075
-0.440072149 1.09637642
-0.492086828 1.15498209
-0.259296417 1.26868689
-0.605010033 1.26604104
-0.0884687901 0.539908588
-0.777069688 0.722113729
-0.419288814 0.566913247
-0.114833176 1.13262248
-0.446901977 0.285281301
-0.525979459 1.23313189
-0.654420733 0.444273889
-0.315141737 1.10939837
-0.475955337 0.964571357
-0.388869375 0.901510477
-0.496175736 0.675083399
-0.225692511 1.22034466
-0.357244164 0.387817562
-0.295428932 0.784098148
-0.328752071 0.976415634
-0.106438696 0.579242885
-0.809789896 0.752326727
-0.723463595 0.322937846
-0.574606478 1.27484083
-0.349625558 0.435454935
-0.149899304 0.707106352
-0.0417464972 0.587098837
-0.0885099769 0.495136112
-0.0201018453 0.575515032
-0.552672505 1.24674857
-0.055911839 0.430881888
-0.0233403444 1.03059626
-0.0932527781 1.18549609
-0.330042392 0.991701245
-0.112730443 0.694603205
-0.42361635 0.915897012
-0.0966981649 0.847509623
-0.0918507576 0.399863839
-0.36960718 0.945630193
-0.545819402 1.14539146
-0.320228934 0.506972909
-0.0917901993 1.20180821
-0.362254977 1.04803145
-0.356996834 1.03645539
-0.0806521177 0.592339337
-0.16311872 0.619706154
-0.0719360709 0.347736537
-0.150325418 0.324573398
-0.10157007 0.709685922
-0.341406763 1.11014223
-0.408701837 0.503306866
-0.127336621 0.442481756
-0.0501307249 0.455471158
-0.220929861 1.08334637
-0.801511645 0.777248859
-0.36548844 0.465595812
-0.384373486 1.10122097
-0.121520638 0.464222133
-0.730531931 0.292476773
-0.0677608252 0.345626175
-0.381176174 0.960317135
-0.325558603 0.50949204
-0.5206635 1.1377461
-0.342663258 0.933906257
-0.370699823 0.44521901
-0.134897172 1.02093148
-0.0322384238 0.812958837
-0.21474731 0.473919034
-0.595843434 1.17544961
-0.15143466 0.702602029
-0.0206943154 1.03663099
-0.386158139 1.28682578
-0.629498303 1.12502909
-0.0451373458 1.07364953
-0.306146383 0.506408811
-0.118665278 0.391718268
-0.406416416 0.280016422
-0.134791374 0.323179454
-0.644964218 1.09755301
-0.714663088 0.281811565
-0.0108311176 0.419596195
-0.067949295 0.444869876
-0.0935591459 0.599352002
-0.198469818 1.21880746
-0.308383107 0.44698447
-0.760980844 0.311321795
-0.219462991 1.21330237
-0.75322938 0.977572441
-0.718964815 0.495533377
-0.690673649 1.22161365
-0.599222481 1.21955323
-0.201672077 0.399782002
-0.709107459 1.21417809
-0.0256509781 0.579300404
-0.713302195 0.604679346
-0.341407597 1.07028985
-0.0380538702 0.52308917
-0.514044046 1.19298518
-0.111343443 0.447027981
-0.249428451 0.37258929
-0.22474128 1.0774194
-0.385178506 0.49154675
-0.308532596 1.26639056
-0.533899605 1.1970489
-0.791488111 0.527171254
-0.747680426 0.959152877
-0.684345841 0.30325526
-0.305388749 0.407736719
-0.118142664 1.21587276
-0.78663969 0.716689348
-0.391411006 0.533136725
-0.073365733 0.711747766
-0.129517019 1.10340381
-0.803880155 0.889302969
-0.723353982 0.993226409
-0.537136436 0.310289621
-0.695295572 0.465907514
-0.422478765 0.911676586
-0.613325179 1.26438189
-0.137846887 1.01781487
-0.0482301712 0.822147369
-0.0640441179 0.700823545
-0.749350011 0.984526932
-0.439426988 0.282129526
-0.186635315 0.757238865
-0.313447893 0.454492271
-0.0567828417 0.465262532
-0.725108385 0.38484621
-0.0417197943 1.04837394
-0.665934145 1.21873331
-0.791675687 0.692241848
-0.0799018741 1.16333091
-0.709078908 1.24031961
-0.496462852 1.24116802
-0.00961524248 0.740978599
-0.0967531204 0.853404462
-0.125269175 1.21452594
-0.716885209 0.329602927
-0.196392238 0.702573538
-0.519533575 1.22344899
-0.0197278261 0.710362375
-0.779745817 0.520569146
-0.141020358 0.437457144
-0.743904889 0.622711539
-0.0165202022 0.402920663
-0.769947171 0.517533302
-0.0179725289 0.497373968
-0.0126736164 0.747205496
-0.0636104345 0.860066772
-0.134474874 0.321886301
-0.0278111696 0.524983346
-0.73274231 0.42545706
-0.598461211 1.12309003
-0.0962080956 0.607252836
-0.497653186 1.14675069
-0.165984929 0.703334451
-0.768064797 0.945709407
-0.556987882 1.18591332
-0.223315716 0.461383253
-0.179788351 1.25131941
-0.667159796 0.359336883
-0.316205382 0.454545319
-0.763815165 0.388392597
-0.81317848 0.517885327
-0.340255409 0.341084689
-0.05321455 0.354790837
-0.752227783 0.288104326
-0.776741445 1.00665927
-0.377162695 0.477764487
-0.641359925 1.25874996
-0.600616992 1.22788763
-0.541672707 1.2713753
-0.013818562 0.575674593
-0.811746657 0.49102807
-0.717695773 0.386670113
-0.569053054 1.16456389
-0.786721706 0.508867741
-0.257964253 0.370095134
-0.358955592 0.310849756
-0.218253434 1.05605865
-0.775237203 0.658499837
-0.00128978491 0.399301946
-0.792331517 0.677034497
-0.791683495 0.685063004
-0.0051394105 0.80430156
-0.74729234 0.437867701
-0.817055345 0.49661541
-0.0692906976 0.490000427
-0.688521743 1.20791185
-0.17189312 0.435271919
-0.220151842 1.27385902
-0.663340211 1.21758771
-0.728640258 0.616025329
-0.633002043 0.358946204
-0.379064739 0.286956787
-0.319620579 0.927159488
-0.0246149302 0.818344533
-0.219617665 1.27077699
-0.273011625 0.499335468
-0.626035094 0.344545424
-0.702877462 0.38370949
-0.177156031 1.25171304
-0.130723178 1.23261118
-0.665427446 0.280435592
-0.34713015 0.362952709
-0.693217754 0.387279987
-0.703905821 0.45109877
-0.196183026 1.19478488
-0.353157669 0.304340422
-0.0178576112 0.469147414
-0.114421487 0.305352509
-0.811941385 0.474566847
-0.223684967 1.16477609
-0.00438922644 0.530147135
-0.683031142 0.387947023
-0.778611898 0.438663334
-0.377911747 0.42767477
-0.0429418683 0.359285325
-0.727291107 0.331346959
-0.274330497 0.39206931
-0.0051934123 0.463894695
-0.774190485 0.396866679
-0.449879378 0.939529121
-0.305503309 0.359785408
-0.7046538 1.02462435
-0.74455291 0.433458686
-0.00971657038 0.955096722
-0.231354058 1.14318168
-0.771511436 0.654430866
-0.227434218 0.426557124
-0.751473308 0.282064825
-0.0228892565 0.693644702
-0.657570362 0.431669772
-0.211398721 0.426555991
-0.122084975 1.02685261
-0.740403175 1.00993335
-0.123891413 0.303507417
-0.00652438402 1.07069302
-0.00628757477 0.478012949
-0.685238123 1.05041933
-0.640139937 1.15657234
-0.806534648 1.02191269
-0.726468205 0.50182116
-0.0884203911 0.868003011
-0.795816302 1.01330042
-0.0296097994 0.618867278
-0.635604024 1.16468382
-0.120036244 1.04202914
-0.815209031 0.997309864
-0.65128696 0.289412439
-0.0866498351 0.872934759
-0.810742259 1.04132426
-0.648134291 1.13326275
-0.782108247 0.282341599
-0.71443522 1.19458222
-0.0911654234 0.637020409
-0.782677948 0.343722999
-0.0452417135 0.351146579
-0.148836851 1.24853659
-0.0658793449 0.304677755
-0.765496612 0.556496918
-0.289718926 0.375894487
-0.262021184 0.425239027
-0.366406649 0.283526748
-0.263596416 0.46250245
-0.735782623 1.23955452
-0.258577645 0.291172087
-0.0617886186 1.08835483
-0.173510373 1.03721356
-0.00792789459 0.697298169
-0.800450742 0.930525482
-0.0218448639 1.10367978
-0.663773775 1.26205313
-0.055128336 0.665965438
-0.794440567 1.25874519
-0.67139864 1.07914042
-0.793690622 0.442837238
-0.74781251 1.24146199
-0.00377088785 0.979550838
-0.814774096 1.04711723
-0.672229171 0.303330272
-0.634474695 0.346738517
-0.818147659 0.829293072
-0.00323027372 0.685203433
-0.274477541 0.318524808
-0.784136951 0.384590864
-0.104925454 0.640325487
-0.803574383 0.567850113
-0.803670704 1.21940696
-0.806681156 1.24970007
-0.0517212152 0.295325875
-0.616871119 0.283993334
-0.550456882 0.292227119
-0.618394136 0.281469464
-0.811018944 1.25637603
-0.215229392 0.751179695
-0.814315856 0.318074197
-0.814698339 0.311392844
-0.0648735166 1.10004568
-0.0264872909 0.887194037
-0.22323364 0.281085819
-0.00794428587 0.313519031
-0.559505582 0.281348705
-0.00507742167 0.921752751
-0.0170491338 0.629329801
-0.759029627 0.567505479
-0.00436830521 0.296419829
-0.809132814 1.11164129
-0.0530718565 1.25805807
-0.0261090994 1.26421595
-0.804027736 1.10715818
-0.022585392 1.15605497
-0.106172621 1.27848577
-0.764840722 1.17974949
-0.719843209 1.14317536
-0.738615096 1.06823897
